Lambda, hh NLO xsec [pb]
-20 4.9883452344885288
-19 4.5541647139249211
-18 4.1398074634572692
-17 3.7452734830855734
-16 3.3705627728098331
-15 3.0156753326300487
-14 2.6806111625462199
-13 2.365370262558347
-12 2.0699526326664297
-11 1.7943582728704679
-10 1.5385871831704621
-9 1.3026393635664117
-8 1.0865148140583174
-7 0.89021353464617869
-6 0.71373552532999573
-5 0.55708078610976841
-4 0.42024931698549683
-3 0.30324111795718101
-2 0.20605618902482087
-1 0.12869453018841642
0 0.071156141447967752
1 0.033441022803474781
2 0.015549174254937528
3 0.017480595802355989
4 0.039235287445730183
5 0.08081324918506011
6 0.1422144810203457
7 0.22343898295158704
8 0.3244867549787841
9 0.4453577971019369
10 0.58605210932104546
11 0.74656969163610964
12 0.92691054404712958
13 1.1270746665541052
14 1.3470620591570368
15 1.586872721855924
16 1.8465066546507667
17 2.1259638575415654
18 2.4252443305283196
19 2.7443480736110293
20 3.0832750867896954
