mH   xsec*BR (G->HH)
260 80.9872
261 99.9539
262 120.843
263 143.591
264 168.128
265 194.376
266 222.259
267 251.693
268 282.595
269 314.882
270 348.468
271 383.269
272 419.202
273 456.184
274 494.134
275 532.972
276 572.62
277 613.002
278 654.043
279 695.674
280 737.823
281 780.424
282 823.411
283 866.723
284 910.298
285 954.08
286 998.013
287 1042.04
288 1086.12
289 1130.2
290 1174.23
291 1218.17
292 1261.97
293 1305.6
294 1349.02
295 1392.2
296 1435.09
297 1477.67
298 1519.91
299 1561.78
300 1603.25
301 1643.93
302 1684.15
303 1723.89
304 1763.12
305 1801.83
306 1840
307 1877.61
308 1914.66
309 1951.12
310 1986.98
311 2022.24
312 2056.89
313 2090.91
314 2124.3
315 2157.04
316 2189.15
317 2220.6
318 2251.4
319 2281.55
320 2311.03
321 2339.85
322 2368.01
323 2395.51
324 2422.34
325 2448.51
326 2474.02
327 2498.87
328 2523.05
329 2546.59
330 2569.47
331 2591.7
332 2613.29
333 2634.24
334 2654.55
335 2674.22
336 2693.28
337 2711.71
338 2729.52
339 2746.73
340 2763.33
341 2779.34
342 2794.75
343 2809.58
344 2823.84
345 2837.52
346 2850.64
347 2863.21
348 2875.22
349 2886.7
350 2897.64
351 2907.56
352 2916.55
353 2924.73
354 2932.17
355 2938.9
356 2944.95
357 2950.33
358 2955.07
359 2959.18
360 2962.68
361 2965.58
362 2967.89
363 2969.64
364 2970.83
365 2971.47
366 2971.58
367 2971.17
368 2970.26
369 2968.84
370 2966.95
371 2964.59
372 2961.76
373 2958.49
374 2954.78
375 2950.65
376 2946.1
377 2941.15
378 2935.81
379 2930.09
380 2923.99
381 2917.54
382 2910.74
383 2903.61
384 2896.14
385 2888.36
386 2880.26
387 2871.87
388 2863.19
389 2854.24
390 2845.01
391 2835.52
392 2825.78
393 2815.8
394 2805.59
395 2795.15
396 2784.49
397 2773.63
398 2762.56
399 2751.31
400 2739.87
401 2728.18
402 2716.33
403 2704.32
404 2692.16
405 2679.85
406 2667.39
407 2654.81
408 2642.1
409 2629.27
410 2616.33
411 2603.28
412 2590.13
413 2576.88
414 2563.55
415 2550.13
416 2536.63
417 2523.06
418 2509.42
419 2495.72
420 2481.96
421 2468.15
422 2454.29
423 2440.39
424 2426.45
425 2412.47
426 2398.46
427 2384.43
428 2370.37
429 2356.3
430 2342.2
431 2328.1
432 2313.99
433 2299.88
434 2285.76
435 2271.65
436 2257.54
437 2243.43
438 2229.34
439 2215.27
440 2201.21
441 2187.16
442 2173.14
443 2159.15
444 2145.18
445 2131.24
446 2117.33
447 2103.45
448 2089.61
449 2075.8
450 2062.04
451 2048.31
452 2034.63
453 2020.99
454 2007.4
455 1993.85
456 1980.35
457 1966.91
458 1953.51
459 1940.17
460 1926.88
461 1913.65
462 1900.47
463 1887.35
464 1874.29
465 1861.29
466 1848.35
467 1835.47
468 1822.66
469 1809.9
470 1797.21
471 1784.59
472 1772.03
473 1759.54
474 1747.11
475 1734.75
476 1722.46
477 1710.23
478 1698.08
479 1685.99
480 1673.97
481 1662.03
482 1650.15
483 1638.34
484 1626.61
485 1614.94
486 1603.35
487 1591.83
488 1580.37
489 1568.99
490 1557.69
491 1546.45
492 1535.29
493 1524.19
494 1513.17
495 1502.23
496 1491.35
497 1480.55
498 1469.82
499 1459.16
500 1448.57
600 676
700 335
750 241
800 177
900 96.3
1000 55.9
1100 35.4
1200 22.4
1300 14.2
1400 8.99
1500 5.7
1600 3.9
1700 2.67
1800 1.82
