mH   xsec*BR (G->HH)
260 323.949
261 399.815
262 483.373
263 574.365
264 672.51
265 777.505
266 889.034
267 1006.77
268 1130.38
269 1259.53
270 1393.87
271 1533.08
272 1676.81
273 1824.74
274 1976.54
275 2131.89
276 2290.48
277 2452.01
278 2616.17
279 2782.7
280 2951.29
281 3121.69
282 3293.64
283 3466.89
284 3641.19
285 3816.32
286 3992.05
287 4168.18
288 4344.49
289 4520.8
290 4696.91
291 4872.66
292 5047.88
293 5222.41
294 5396.09
295 5568.78
296 5740.36
297 5910.68
298 6079.64
299 6247.12
300 6413
301 6575.74
302 6736.62
303 6895.56
304 7052.49
305 7207.32
306 7360
307 7510.45
308 7658.63
309 7804.47
310 7947.94
311 8088.97
312 8227.55
313 8363.63
314 8497.18
315 8628.18
316 8756.6
317 8882.41
318 9005.62
319 9126.19
320 9244.13
321 9359.42
322 9472.05
323 9582.04
324 9689.37
325 9794.04
326 9896.07
327 9995.46
328 10092.2
329 10186.4
330 10277.9
331 10366.8
332 10453.2
333 10536.9
334 10618.2
335 10696.9
336 10773.1
337 10846.8
338 10918.1
339 10986.9
340 11053.3
341 11117.3
342 11179
343 11238.3
344 11295.3
345 11350.1
346 11402.6
347 11452.8
348 11500.9
349 11546.8
350 11590.6
351 11630.3
352 11666.2
353 11698.9
354 11728.7
355 11755.6
356 11779.8
357 11801.3
358 11820.3
359 11836.7
360 11850.7
361 11862.3
362 11871.6
363 11878.6
364 11883.3
365 11885.9
366 11886.3
367 11884.7
368 11881
369 11875.4
370 11867.8
371 11858.3
372 11847
373 11834
374 11819.1
375 11802.6
376 11784.4
377 11764.6
378 11743.2
379 11720.3
380 11696
381 11670.2
382 11643
383 11614.4
384 11584.6
385 11553.4
386 11521.1
387 11487.5
388 11452.8
389 11416.9
390 11380
391 11342.1
392 11303.1
393 11263.2
394 11222.3
395 11180.6
396 11138
397 11094.5
398 11050.2
399 11005.2
400 10959.5
401 10912.7
402 10865.3
403 10817.3
404 10768.6
405 10719.4
406 10669.6
407 10619.2
408 10568.4
409 10517.1
410 10465.3
411 10413.1
412 10360.5
413 10307.5
414 10254.2
415 10200.5
416 10146.5
417 10092.2
418 10037.7
419 9982.89
420 9927.85
421 9872.61
422 9817.17
423 9761.56
424 9705.79
425 9649.88
426 9593.85
427 9537.72
428 9481.49
429 9425.18
430 9368.82
431 9312.41
432 9255.97
433 9199.51
434 9143.04
435 9086.58
436 9030.14
437 8973.74
438 8917.38
439 8861.07
440 8804.83
441 8748.66
442 8692.58
443 8636.6
444 8580.72
445 8524.95
446 8469.31
447 8413.8
448 8358.43
449 8303.21
450 8248.15
451 8193.25
452 8138.51
453 8083.96
454 8029.58
455 7975.4
456 7921.41
457 7867.62
458 7814.04
459 7760.67
460 7707.52
461 7654.59
462 7601.88
463 7549.41
464 7497.17
465 7445.16
466 7393.4
467 7341.89
468 7290.63
469 7239.61
470 7188.86
471 7138.36
472 7088.12
473 7038.15
474 6988.44
475 6939
476 6889.83
477 6840.94
478 6792.31
479 6743.97
480 6695.9
481 6648.11
482 6600.6
483 6553.37
484 6506.43
485 6459.77
486 6413.39
487 6367.3
488 6321.49
489 6275.98
490 6230.75
491 6185.8
492 6141.15
493 6096.78
494 6052.7
495 6008.91
496 5965.4
497 5922.19
498 5879.26
499 5836.62
500 5794.27
600 2704
700 1340
750 964
800 708
900 385.2
1000 223.6
