3.0690737649392297e-09 -2.905018992993022e-09 2.2729263846876016e-10 4.0193768367580004e-10 1.6271550055994758e-09 -1.51220698053195e-09 -1.8273164613309524e-09 1.9184118145843524e-10 -5.277650146359469e-10 -2.0934144535110098e-09 -1.7663636899697645e-09 -4.0953717758872185e-09 2.1784293873852236e-10 6.870213062555068e-10 1.280099482067838e-09 5.3225904043485894e-09 3.050913148998485e-09 1.107593794328387e-09 -3.53019787822872e-09 -1.0551004774099608e-08 3.6102324701673923e-09 1.2648114030095843e-09 4.104927471908052e-09
-2.905018992992917e-09 7.621229904927849e-08 -1.6804121545881814e-10 -3.58719387950784e-09 -1.77353840571227e-08 -6.424419823331915e-08 1.6007014397988895e-09 1.868515803143905e-08 1.2706494717474924e-08 7.349752343193544e-08 3.975780242038033e-09 -3.213084699432715e-08 -2.041543081266567e-10 1.0382206964728664e-08 8.16515706806346e-09 -1.3073260698746808e-08 1.5652001152038176e-08 9.973724684952705e-09 2.669004723604055e-08 2.8421002913138443e-08 -2.480646677040628e-08 -9.156730556809377e-09 -1.1986718283707597e-08
2.272926384687606e-10 -1.6804121545882636e-10 6.92953311738011e-11 -3.644865887996363e-11 2.4102723407084165e-10 -5.422354629868371e-11 -2.8167517758321016e-10 1.5290794322305675e-10 1.9687556347194394e-10 5.7415550324791605e-11 -2.636829899859509e-10 -5.078515409577568e-10 1.0770305701484418e-10 1.840875971707046e-10 1.6120899610995458e-10 2.316351065270036e-10 -1.0451923413551396e-10 2.108781642124109e-10 -1.2983706429398586e-10 -3.5658285880385656e-10 1.0823142719460228e-10 -5.67286837908657e-11 7.46561029672344e-11
4.019376836757749e-10 -3.58719387950808e-09 -3.6448658879965555e-11 2.905890261042163e-09 1.7905345506940831e-09 1.9440296960191576e-09 -6.59901471384639e-11 -5.048547357078707e-10 9.51500724144566e-10 -4.058136235838611e-11 -4.015799363094502e-09 1.884857877551545e-10 7.808863410810599e-10 -2.5979980647566296e-11 4.017192975521946e-09 6.175270837447321e-09 1.891029940385974e-11 -7.754337230705172e-09 -1.288586966611566e-08 -4.207990187381139e-09 1.2459106880202673e-09 2.8699855943642172e-09 5.067467187213896e-09
1.6271550055994276e-09 -1.7735384057123147e-08 2.4102723407083213e-10 1.7905345506940333e-09 7.746438214438647e-08 2.3135171098447112e-08 -1.3929306035578373e-09 -3.8052903112625735e-09 5.959180559418796e-09 3.492661110856645e-08 -5.855045967721313e-09 1.0745694931851704e-08 7.830447346817953e-10 2.6463268770033973e-09 1.725142579007668e-08 1.321506126225094e-08 -2.8315014131006325e-08 -1.2150974031025324e-08 -6.11379858447317e-08 -1.1666237654446885e-08 -3.9251311530489375e-10 7.652328403986124e-09 -1.0503246309733054e-08
-1.5122069805320365e-09 -6.424419823331883e-08 -5.4223546298699294e-11 1.9440296960187874e-09 2.3135171098446487e-08 9.745246200082295e-08 7.289860622502151e-10 -2.5823313734764735e-08 -8.8783263206178e-09 -4.853573626173289e-08 -1.5072125091642213e-09 7.910323630677005e-08 2.4627881319483987e-10 -2.038767687993046e-08 -1.0737321093674606e-08 -9.209987190915363e-09 -5.8603298377478566e-08 -1.2638362924173538e-08 -4.024421313540997e-08 4.003099496363916e-09 1.7842794467301992e-08 1.0004738511749267e-08 -1.239035020454065e-08
-1.8273164613309551e-09 1.600701439798943e-09 -2.8167517758320995e-10 -6.599014713847958e-11 -1.392930603557876e-09 7.289860622501521e-10 1.546440690867529e-09 -4.389468774514371e-10 -2.6701206220021147e-10 5.324887050302243e-10 1.3327443943510563e-09 2.763536536163408e-09 -3.5846169642797706e-10 -6.735490113410994e-10 -9.735791096002576e-10 -2.79226325345835e-09 -1.1550479731476796e-09 -1.1471426055468687e-09 1.687818119050544e-09 5.3148499679012324e-09 -1.7010594742239068e-09 -2.711500830151634e-10 -1.6762868525651796e-09
1.918411814584632e-10 1.8685158031438844e-08 1.5290794322306373e-10 -5.048547357077635e-10 -3.805290311262317e-09 -2.5823313734764556e-08 -4.3894687745146333e-10 1.0334348929989786e-08 6.462721164159228e-09 1.3135392927641591e-08 2.9875829906487334e-10 -3.134921909836727e-08 4.212686827664878e-10 9.1544476284694e-09 5.038386576520931e-09 3.3040525415735044e-09 8.063314233098317e-09 2.2491796614984046e-09 1.1347626516575552e-08 1.099069715245924e-09 -5.796734112035986e-09 -4.424171451394098e-09 3.5061841870306477e-09
-5.27765014635923e-10 1.270649471747481e-08 1.9687556347195216e-10 9.515007241446013e-10 5.959180559418965e-09 -8.87832632061757e-09 -2.6701206220024115e-10 6.462721164159205e-09 2.1797938002832228e-08 2.5754224292868288e-08 -3.0794231911154233e-09 -1.3560853255075681e-08 1.636957526569099e-09 6.402982860109431e-09 1.5052551713387306e-08 -2.338075376836414e-09 -3.1218437456362485e-08 -3.4226592601133695e-09 -1.5028618838983182e-08 1.7082839843236698e-08 -1.0511132000696243e-09 -5.420978267806184e-09 -6.0555334490305625e-09
-2.0934144535109332e-09 7.34975234319356e-08 5.741555032479237e-11 -4.0581362358242076e-11 3.4926611108566937e-08 -4.853573626173301e-08 5.324887050302011e-10 1.3135392927641669e-08 2.5754224292868297e-08 1.6351178236302598e-07 -4.60544455590286e-09 -2.738092735074652e-09 1.5338425493066708e-09 9.108627439145773e-09 2.8859516872320265e-08 -1.4470502296615216e-08 7.950650714026279e-09 1.770999989080114e-09 -2.327877472235413e-08 3.313297791746547e-08 -3.1153478204658315e-08 -3.819045737561217e-09 -3.432893839260612e-08
-1.7663636899697006e-09 3.975780242038422e-09 -2.636829899859444e-10 -4.015799363094514e-09 -5.855045967721419e-09 -1.5072125091653725e-09 1.332744394351011e-09 2.9875829906524986e-10 -3.0794231911153373e-09 -4.605444555902824e-09 2.2862844711257977e-08 1.1166115855654213e-08 -4.113772010631771e-09 -4.429373290243075e-09 -4.201292158879563e-09 -1.2335719517413019e-08 1.665145045610513e-08 1.1859241111524265e-08 2.1931134936613818e-08 -1.7052488956120611e-09 -2.0924673206438823e-09 -1.3807691398368821e-08 -1.2119540419812499e-08
-4.095371775887243e-09 -3.2130846994326116e-08 -5.078515409577756e-10 1.8848578775480426e-10 1.0745694931850715e-08 7.910323630676905e-08 2.763536536163455e-09 -3.13492190983671e-08 -1.3560853255075701e-08 -2.7380927350745433e-09 1.1166115855655694e-08 2.1829688795642791e-07 -3.2044266932591402e-09 -5.548362272966452e-08 -1.741122767672172e-08 -3.8505073153405634e-08 -1.542313458627121e-08 -2.5221631342373406e-09 -6.27617344421452e-08 1.7794847583515984e-08 2.119541774979904e-09 1.0160398975853257e-08 -5.1129668145432713e-08
2.1784293873850923e-10 -2.0415430812672629e-10 1.0770305701484345e-10 7.808863410810585e-10 7.830447346818222e-10 2.4627881319506155e-10 -3.5846169642797003e-10 4.21268682766413e-10 1.6369575265690648e-09 1.5338425493067306e-09 -4.113772010631766e-09 -3.2044266932588284e-09 1.11056910826156e-09 1.3888526961845947e-09 9.817766216982425e-10 6.48326355980931e-11 -3.018154504659743e-09 -1.89548920100149e-09 -1.1275121418483413e-09 3.511202543928107e-09 -9.514111564392058e-10 7.668239865447719e-10 -1.3375032808875592e-10
6.870213062555162e-10 1.0382206964728477e-08 1.8408759717071008e-10 -2.5979980647473455e-11 2.6463268770035706e-09 -2.0387676879930148e-08 -6.735490113411136e-10 9.154447628469336e-09 6.402982860109435e-09 9.108627439145852e-09 -4.429373290243468e-09 -5.548362272966441e-08 1.3888526961846752e-09 1.6931248990142288e-08 8.058444309299809e-09 7.09459023426796e-09 -1.8621061659821067e-09 4.85250865368272e-10 1.1744075694977725e-08 2.012402638804751e-09 -3.4916258196099974e-09 -3.0941646530116705e-09 7.229266344469769e-09
1.2800994820678309e-09 8.165157068063046e-09 1.6120899610995735e-10 4.017192975522029e-09 1.725142579007692e-08 -1.0737321093674107e-08 -9.735791096002576e-10 5.0383865765208615e-09 1.5052551713387353e-08 2.88595168723199e-08 -4.201292158879773e-09 -1.7411227676721755e-08 9.817766216982969e-10 8.058444309299829e-09 3.4494847019347946e-08 1.3939503972972739e-08 -1.6562445927418494e-08 -1.2676817225840695e-08 -6.879715154196777e-08 -2.663670278474619e-09 -4.058250696711966e-09 1.0380483333951347e-09 1.4695512793379185e-08
5.32259040434853e-09 -1.307326069874813e-08 2.316351065270005e-10 6.175270837447479e-09 1.3215061262251311e-08 -9.209987190914076e-09 -2.7922632534583117e-09 3.3040525415731918e-09 -2.338075376836476e-09 -1.4470502296616348e-08 -1.2335719517413547e-08 -3.850507315340529e-08 6.483263559821724e-11 7.094590234267895e-09 1.3939503972972563e-08 6.480031000670436e-08 -1.0142585507238456e-09 -1.7188177992421175e-08 -4.736361220651525e-08 -6.910846204902143e-08 2.1335113950419193e-08 1.2301811776059356e-08 3.7107626522151777e-08
3.0509131489984372e-09 1.565200115203929e-08 -1.0451923413553486e-10 1.8910299404011177e-11 -2.8315014131006166e-08 -5.860329837747986e-08 -1.1550479731476014e-09 8.063314233098605e-09 -3.121843745636242e-08 7.950650714027275e-09 1.6651450456104272e-08 -1.5423134586271805e-08 -3.0181545046596744e-09 -1.8621061659818738e-09 -1.6562445927417978e-08 -1.014258550723354e-09 2.634992924674355e-07 3.7421339052289045e-08 1.0799640747184051e-07 -7.301335886035137e-08 -4.96642175938201e-08 -1.132654287402968e-08 2.6140448532474416e-08
1.1075937943284432e-09 9.973724684953473e-09 2.1087816421241535e-10 -7.754337230705162e-09 -1.215097403102544e-08 -1.2638362924174898e-08 -1.1471426055469032e-09 2.249179661498777e-09 -3.4226592601132988e-09 1.7709999890808083e-09 1.1859241111524116e-08 -2.5221631342384176e-09 -1.8954892010014876e-09 4.852508653685603e-10 -1.2676817225840425e-08 -1.718817799242069e-08 3.74213390522899e-08 3.6190554522227635e-08 6.328208965403166e-08 -8.745365723605368e-09 -2.0300119451207952e-09 -1.2863798105425534e-08 -1.4217878303308115e-08
-3.5301978782286185e-09 2.669004723604262e-08 -1.298370642939713e-10 -1.288586966611572e-08 -6.113798584473201e-08 -4.024421313541253e-08 1.6878181190504618e-09 1.1347626516576179e-08 -1.5028618838983162e-08 -2.32787747223517e-08 2.1931134936613527e-08 -6.276173444214644e-08 -1.127512141848318e-09 1.174407569497812e-08 -6.879715154196748e-08 -4.7363612206515224e-08 1.0799640747184271e-07 6.328208965403191e-08 3.1078044381300663e-07 1.0857499990207844e-08 -2.2289631661451506e-09 -3.2599857030956624e-08 -5.537308976609534e-08
-1.0551004774099542e-08 2.8421002913139304e-08 -3.5658285880384404e-10 -4.20799018738126e-09 -1.1666237654446755e-08 4.003099496363529e-09 5.314849967901169e-09 1.0990697152460388e-09 1.708283984323682e-08 3.313297791746703e-08 -1.7052488956116474e-09 1.7794847583516152e-08 3.511202543928021e-09 2.012402638804706e-09 -2.6636702784744814e-09 -6.91084620490215e-08 -7.301335886035191e-08 -8.745365723605088e-09 1.0857499990207449e-08 1.4377932920104873e-07 -4.6666618831921066e-08 -1.93233699775131e-08 -6.076149573239508e-08
3.6102324701673695e-09 -2.480646677040677e-08 1.0823142719460561e-10 1.245910688020185e-09 -3.925131153052584e-10 1.7842794467302274e-08 -1.7010594742239093e-09 -5.796734112036041e-09 -1.0511132000696406e-09 -3.1153478204659295e-08 -2.0924673206434158e-09 2.119541774979958e-09 -9.514111564392258e-10 -3.4916258196100388e-09 -4.058250696712245e-09 2.133511395041868e-08 -4.9664217593819436e-08 -2.0300119451202654e-09 -2.2289631661434615e-09 -4.66666188319209e-08 7.215685594084198e-08 1.7858486727011703e-08 3.5986847954668055e-08
1.2648114030095264e-09 -9.156730556809806e-09 -5.6728683790877875e-11 2.869985594364204e-09 7.652328403986048e-09 1.0004738511750139e-08 -2.7115008301510527e-10 -4.4241714513943855e-09 -5.420978267806164e-09 -3.819045737561819e-09 -1.3807691398368574e-08 1.0160398975854435e-08 7.668239865447344e-10 -3.094164653012011e-09 1.0380483333950095e-09 1.2301811776058875e-08 -1.132654287403083e-08 -1.28637981054256e-08 -3.25998570309568e-08 -1.9323369977512763e-08 1.7858486727012494e-08 3.004603933094191e-08 3.707108502320788e-08
4.104927471907947e-09 -1.1986718283708646e-08 7.465610296722351e-11 5.067467187213991e-09 -1.0503246309733127e-08 -1.2390350204539315e-08 -1.6762868525651037e-09 3.506184187030302e-09 -6.05553344903046e-09 -3.43289383926075e-08 -1.2119540419812601e-08 -5.112966814543171e-08 -1.3375032808868871e-10 7.229266344469515e-09 1.4695512793379048e-08 3.710762652215125e-08 2.6140448532472894e-08 -1.4217878303308499e-08 -5.537308976609553e-08 -6.076149573239432e-08 3.5986847954668876e-08 3.707108502320795e-08 1.329307009488427e-07
