260.0 0.0014497519185767335 0.004989327604779836 0.0009571263866604621 0.0014239067850719599 0.007367551312435311 -0.005348373858168193 -0.0023536695973859234 0.004399133215074938 0.005288184963300249 0.012085903686925192 -0.0028392779368102655 -0.006597070157625531 0.0023334389304978023 0.005362585640873356 0.006482966317740314 -3.9700471444958765e-05 3.9354560574274245e-05 2.4222520825470262e-05 0.00011309092120068772 6.509425588782797e-06 7.016666713670686e-05 5.671544346851433e-05 0.00014446003587264804
280.0 0.0023213824292014564 0.008241945924672159 0.001145641165327541 0.0016147448705112054 0.011644956407332516 -0.008717095881694958 -0.003243681107313576 0.006155382191635311 0.0072909199054375035 0.019537011270082394 -0.0038369462822806662 -0.010333403002797906 0.002714591525165066 0.007296376228506003 0.00866145515493267 4.1083024458475006e-05 4.307541567859403e-05 5.0082025711883915e-05 1.2826328573995427e-05 -0.0001369088350409663 0.00011627049681099355 9.974106677812728e-05 0.00022774635065168818
300.0 0.0027536780681174863 0.00998200975840094 0.000994368748915096 0.0012954270663864188 0.012895458391658947 -0.010396994762762575 -0.0032912038593377623 0.006278929348222058 0.007153496656994193 0.022660969618044577 -0.0036888406373755843 -0.011595797947874522 0.0022552903549435724 0.007093804354914417 0.008126067836000606 -4.115577005144094e-05 -7.551863050032983e-05 -6.351150118471806e-06 -5.397899199977622e-05 7.963093312762565e-06 0.0001161206963119625 1.217981771947869e-05 3.40144153561516e-05
320.0 0.0031770526966880537 0.011532628278492345 0.0008410815057937632 0.0009545449470331365 0.013276907053149654 -0.012075787024607786 -0.0032520621997137473 0.006222571309511396 0.006655556798522392 0.02462741910896429 -0.003422854476866323 -0.012842594081980595 0.0017996948591995842 0.0066640531169773745 0.007175788300258674 -3.530475685871991e-05 0.00018184568451767903 9.856825746643395e-05 0.00012737298528831277 -6.869548292219973e-05 1.2001048049506542e-05 -3.9111654866663215e-05 4.539789411326597e-05
340.0 0.003899670926467013 0.013498826524209442 0.0007390290594427285 0.000727598449653714 0.013146257195410644 -0.014440383072791062 -0.0033772537612768525 0.006299495427718667 0.006176559601144658 0.026585687747198293 -0.003274298916288056 -0.014080598920822307 0.0014518773930761396 0.006207715953928493 0.006176672919549031 -2.533042598598715e-05 0.0001148237160122014 5.3779385636100325e-05 4.854880447300039e-05 -0.00010444540493599109 0.00013380984737289397 3.4401796643236063e-05 0.0001799304577461614
360.0 0.0051649094934290065 0.01642266372424572 0.0007027456883702326 0.0005437783280630804 0.012836146840113756 -0.018235189180827886 -0.003784121892730738 0.006780692399480363 0.005923471905725542 0.028790326597824017 -0.0032059186716274094 -0.015781510215177576 0.0012172326648563884 0.005936711510015801 0.00528816913467093 -5.398984174943409e-06 -2.6874073331057647e-05 3.573485675360019e-05 -4.7180381152478346e-05 -0.00015159786154506647 0.0002261921092354165 2.381550793798681e-05 0.00019533356584403277
380.0 0.00534778471059562 0.01794911816823705 0.0005925956252856832 0.0004146239883258904 0.012376650835888525 -0.019308275839962 -0.003510940192837187 0.006526635919045565 0.005284833775738987 0.029077788722188545 -0.0027183692415073428 -0.015108438568108782 0.0009656131106936689 0.005307363028896155 0.004496930223277312 -9.299319526465986e-05 9.264402535430552e-05 4.455556195806856e-05 9.065839806577484e-05 -2.0034169557844915e-05 8.776638825233648e-05 -3.0543347579557105e-05 2.1905732505736027e-05
400.0 0.004887047039866405 0.017861586544062863 0.0004718153447122757 0.0003071289718818 0.01176030965037287 -0.01819721819213566 -0.0029650044858208525 0.005802094776487714 0.004493475995278073 0.02757639768522284 -0.0021047480245567113 -0.013068411770242056 0.0007268175200941174 0.0044857447687508675 0.003806097817989117 -9.595203994824825e-05 -1.6001568946076908e-05 4.6811769152883646e-05 0.00020722814336015055 -1.102505038466352e-05 0.0001864768080353602 2.1749834113857626e-05 7.675824635900573e-05
420.0 0.004246090342221083 0.017094957476387694 0.00036144363572644477 0.00024739947447654365 0.011198507039120426 -0.01644587932342484 -0.0023988892150102544 0.004963636154870226 0.0036782463065980742 0.02542343415075588 -0.0015943555581488195 -0.010826605316084365 0.0005354033081291133 0.0036886877554438086 0.00326601472007618 4.249398834781608e-06 2.100420542160302e-05 6.812559842007417e-06 -4.8909422658367e-05 -9.015283303979256e-05 0.0001320543951524432 6.695748455399733e-05 0.0001456552615576414
440.0 0.0035530847114299924 0.015812882992849532 0.00027432886268409794 0.00016449767347138876 0.010554046599410755 -0.014376540770619898 -0.0018906008163384347 0.004180094715949877 0.003003231460867157 0.02272260885750697 -0.0011335129213405624 -0.008780547432675544 0.0003935041449886384 0.003009740366447489 0.002760096743949224 -5.181959948517062e-05 -3.334064669483694e-05 6.624442210544838e-05 6.92890623859794e-05 -6.354402181437703e-06 0.00010839709110438737 -1.3409612638692957e-05 3.8884393764041314e-05
460.0 0.0029616923850813294 0.014438140471699074 0.00020814691058238522 0.00015045979176791334 0.010028600922788062 -0.012390377117025437 -0.0014928149649245791 0.0034767243202744997 0.002451536707058565 0.020160598640947887 -0.0008421823609455531 -0.006914767810888113 0.00028953736306265565 0.0024292021846706513 0.0024416150581479134 0.00011123886104093339 -5.189196657238608e-07 -3.3178202136874215e-05 -0.00017956351740512074 -9.04337126967818e-05 4.642149758255537e-05 1.8490591336090304e-05 0.0001697615878086402
480.0 0.0024250234238217218 0.01300447755678786 0.00015652085171497627 0.00012098824259170108 0.009433285659310646 -0.01057909698974642 -0.0011599505469295894 0.0028565788661247945 0.0019765726982379187 0.017743084053549615 -0.0006115086208540938 -0.0054327640035933674 0.0002223149852048971 0.0019678593458919333 0.002093487234107863 1.8167902543003186e-06 -2.7893118073974398e-05 -5.456357149803692e-06 -4.401874086117053e-05 3.096832042935252e-05 6.671098137016015e-05 -3.641935566177728e-05 1.6460542076748806e-05
500.0 0.0019674877646472548 0.011672116289737295 0.00011907363012353198 9.535841418697163e-05 0.008837503994803684 -0.008959534473983139 -0.0009014495582779773 0.0023513640451568838 0.0015704394577581676 0.015477798595061876 -0.00043062249502914015 -0.004103296314513939 0.00015712696841249118 0.0015485005588587845 0.001774108547558099 3.484606051856406e-05 -5.799446948978741e-05 -2.7689848241677214e-05 -4.860338188798572e-05 -3.5231417977561296e-05 0.0001111143308325379 3.651471664001282e-05 0.00013853850331616572
520.0 0.0015932902654129193 0.01045928431977145 8.640888060286812e-05 6.552920331257e-05 0.008295697687720253 -0.007549274643840204 -0.0006870779113161767 0.0019064170613309873 0.0012360141231093716 0.013464743480523296 -0.000313139178739421 -0.0031067397901732266 0.00011950084281098787 0.0012216460440888492 0.0014839615240121887 -7.44210935092913e-05 -8.918869183921538e-05 1.9748972445833617e-05 0.0001349083140755828 8.808074082587917e-05 9.086186502350828e-05 2.154758575429586e-05 3.20461042081783e-05
540.0 0.0013079037135117172 0.009260545382820229 6.761057466187542e-05 5.3117635051356824e-05 0.007893497455047777 -0.006367855048039142 -0.0005447169233128421 0.0015636776058849473 0.0010272057532833793 0.011765623744139277 -0.00020486949903687234 -0.002394413441032454 8.976826729071636e-05 0.0010079263932297833 0.0013416198519676946 -3.695250611045915e-05 2.4755828753863956e-05 5.010602752711382e-05 0.00013411167898269544 -2.080861242189817e-05 4.902695995037539e-05 -2.8573940243452784e-05 -6.274006927593368e-05
560.0 0.0010648168700189587 0.008246806438147621 5.145663799684847e-05 5.079889834283192e-05 0.007309095686986065 -0.005391012561739722 -0.00042708296558502027 0.0012825364369924727 0.0008065568326156326 0.010135213271636407 -0.0001687437366553251 -0.0016622618233141002 6.904812912802015e-05 0.000770795726465545 0.0011338550158112306 -1.734704070541177e-05 6.657279277878667e-06 1.2743573115067024e-05 -1.4504150660177398e-05 -1.5171166113845492e-05 2.1376799232262335e-05 1.294313986443041e-05 -2.506124590496984e-05
580.0 0.0008641823570496398 0.007352739986478513 4.0169047264895436e-05 3.9041170625636586e-05 0.0069433271505865675 -0.004581455212742828 -0.00033558374783022605 0.0010783189480885462 0.0006845671665037063 0.008858674608279679 -0.00011318042613712186 -0.0013564713240907381 5.575161503465344e-05 0.0006802320845714744 0.0010682992407248409 -3.530717854613313e-05 -3.991555912325884e-05 1.478439522907012e-05 1.9020373015148057e-05 0.00012466346271606117 -3.499250764948218e-05 -4.545341269714084e-05 1.896639620177211e-05
600.0 0.0007148471594103015 0.006501586163780765 3.0470196883259094e-05 3.0478775288727543e-05 0.006564829136054119 -0.0039362092632404455 -0.00026669638080356004 0.0008939209242752579 0.0005251578742725789 0.007586543469379594 -5.40873798587352e-05 -0.0008405061643200813 3.369563405323766e-05 0.0004974004284748627 0.000926074622139461 5.43186834813767e-06 6.754892737061715e-05 1.0436266557183884e-05 -7.79067541087554e-05 -4.0996072686933145e-06 5.3473765786506545e-06 -1.983415633605139e-05 5.4284950910558015e-05
620.0 0.0005833977157037571 0.0057440419399510155 2.2728793336971894e-05 1.938627088815962e-05 0.006140696595265967 -0.0032521541207860436 -0.00020684461594832715 0.0007113462350228392 0.0003877232176686921 0.006467191742665699 -3.282065216769108e-05 -0.0005700909851666115 2.15415457070198e-05 0.00040176417072481844 0.0007730798777450528 3.5762489912739555e-05 -6.282546586311856e-05 1.797963759563109e-05 6.304481680033534e-05 -7.984635760597724e-05 0.00013117652738875904 3.3739720192378793e-05 6.85448167871012e-05
640.0 0.00048432182642435106 0.005096860641026146 1.8389007278689864e-05 1.1891207267357254e-05 0.005865363837357669 -0.002767858927173104 -0.00016681506673803473 0.0006028005247714453 0.00031460579626288476 0.00569039157188619 -3.741724973286846e-06 -0.0003407170901503397 1.654344720242961e-05 0.00032683301625449054 0.0006712436385206552 -2.303762629885625e-05 7.462919901950366e-05 1.6728932903533402e-05 4.698978165105703e-05 -2.716836712265383e-06 3.6073405710100374e-06 -3.4077797596100744e-06 -2.633657211206918e-05
660.0 0.00039879014032389275 0.00455951757358646 1.3232136762938112e-05 1.4372815490781457e-05 0.00548891708685138 -0.0024002958906792185 -0.00012896486989925218 0.0005024441355414923 0.00024680419853064634 0.004866949722855225 -3.850262457793971e-06 -0.0001311246320462022 1.0477415499411778e-05 0.00024453159035331645 0.0006146493637542261 -5.497247830036136e-06 0.00012553370265749547 4.882348369961755e-06 -1.4301051747717762e-05 -1.6413674426379707e-05 -5.7758090747546045e-05 2.3102740620720578e-05 5.239405371184433e-05
680.0 0.00033191306297651065 0.004028668670769689 1.0458432558153318e-05 5.562384101841158e-06 0.005136790833936272 -0.0020531557790926785 -0.00010334698074536897 0.0004321645968297481 0.00019796694718865061 0.004059606918805418 1.803023512738535e-05 -9.276649530810124e-05 5.869161025031856e-06 0.0002009279412352066 0.0005102273449879685 1.5547257131492204e-05 1.170058316293417e-06 -5.129689339352999e-06 -3.367792275201972e-06 -1.3363860490277049e-05 5.485891019157889e-06 -3.398146063316224e-06 7.97767323193269e-05
700.0 0.00027706212285895284 0.0035548395961050917 7.734713168912505e-06 2.0704689662778367e-05 0.004892118521298682 -0.001751618574744076 -8.281721096663628e-05 0.0003560716223409509 0.00017385568619702379 0.00354183448960033 -8.779410956719728e-06 2.6426666884955882e-05 8.808894671366085e-06 0.00017737268394478606 0.0004942849290742783 1.8980310446318413e-05 -2.2442857044594174e-05 -2.8223615937787567e-05 -8.873954679508276e-05 -6.584260963791046e-06 5.303351278754047e-05 1.4154891063967885e-05 9.80623769680923e-05
720.0 0.0002312349839042698 0.0031507451124864775 7.043953784186478e-06 1.6956877000385723e-05 0.0045827492240478425 -0.001449017636079265 -7.04831062575988e-05 0.00028534772719162547 0.00012607508840048598 0.0029513344528227584 -1.72497958735674e-05 5.478139806687029e-06 1.1113165087654722e-05 0.0001546376808248347 0.00042176210500929114 1.846387489022481e-05 3.6628067815081603e-06 -2.80913916168321e-05 6.505885478868978e-05 2.2403540361819955e-05 1.1677898803897034e-05 1.1775910950004518e-05 5.194587208479244e-05
740.0 0.00019566750209125915 0.002796956024575425 5.23479290710401e-06 1.8094098959225793e-05 0.004340127632978684 -0.0012905821077459358 -5.5538757067392564e-05 0.0002567142051052629 0.00011846276581031137 0.002587394567474649 -2.226019318214486e-05 5.2032406389886226e-05 1.1099615177334229e-05 0.00013306961052528076 0.00037613149476204333 1.6180632983520563e-05 1.5616714689855868e-05 -1.6786101886783032e-05 3.495604914964812e-05 -1.3970829992424497e-05 3.1961505459636685e-05 1.5824335194260182e-05 9.380815078819219e-05
760.0 0.00016772177481619006 0.002524974477529774 4.814958762537189e-06 1.4511008995257334e-05 0.00403181909393906 -0.001145822376459017 -4.9358923145568645e-05 0.0002308394550053733 0.00010212055476472761 0.0022594940225341455 7.63057381059477e-06 0.00011152071887879112 5.602600552360133e-06 0.00010868784736354364 0.00036388647379052174 1.0593056042429623e-05 0.00011339382622498421 -5.23748814676142e-06 1.850208801901898e-05 -1.8706044371093388e-05 -2.012734992371122e-05 -1.1541506044207989e-05 1.9074213132284513e-05
780.0 0.00012983772661105152 0.002247352150106336 3.0952981812294353e-06 2.0692371254875157e-06 0.0038122323926595585 -0.0009403989148448547 -3.38841976029025e-05 0.00017941539120893107 8.377335602035095e-05 0.0019312978935935234 3.04088880292786e-05 0.00018744942698828036 7.473953370858505e-07 6.582932056091833e-05 0.0003165061399251088 -4.825294609505668e-05 3.2487838678446734e-05 1.3266970531581708e-05 1.0463733389480792e-05 4.561325812626724e-05 -3.273390218665522e-05 -2.523768999610923e-05 8.87543050977669e-06
800.0 0.00011603449271992354 0.0020043400038883314 2.988418005970624e-06 1.0981048480899192e-05 0.0036185664811405026 -0.0008386651971807975 -3.0791240731009715e-05 0.00016986097482527264 7.795270929139789e-05 0.0016469049050580773 5.186914803790868e-06 0.00013386886747877746 3.817768631131452e-06 8.511544345241685e-05 0.0003119122852617185 1.3682351567246022e-05 3.5269677717520453e-05 -2.104194065441089e-05 -4.7929448567310806e-05 -1.4342990277168073e-05 -2.646077770261338e-05 1.283240608827743e-05 6.760040730747792e-05
820.0 9.847763575777203e-05 0.0017624607988167566 2.38271098690448e-06 9.623543885951107e-06 0.00345721439527649 -0.0006778995561680686 -2.538380695761783e-05 0.00012705300411434517 5.558906719386968e-05 0.0013903912791968906 1.1777822331683192e-06 0.00020674604345757516 3.6816071124642465e-06 4.8764395901861115e-05 0.00025823388973667634 2.233165593831647e-06 -1.593487971555755e-05 -1.6079897914644774e-05 -2.436011100279713e-05 2.2983519967370244e-06 3.1254923491097633e-06 7.086643241508048e-06 5.6570623626851706e-05
840.0 8.587289206495182e-05 0.001628389892207747 2.0069006750781217e-06 -2.549293279790987e-06 0.003255689625411873 -0.0006467953962962052 -2.22024427618009e-05 0.0001180365428372834 4.442885512836844e-05 0.0012209172156221408 1.8917919666968812e-05 0.00017298990710975094 6.8591137969274114e-09 4.903713659284756e-05 0.0002432908643073897 -2.2636505094946653e-05 3.7185573063922335e-05 3.3123938560759596e-05 1.1135375647159011e-05 7.361145139959583e-06 -2.4839614494851132e-06 -1.4751355387703088e-05 4.049922278943459e-05
860.0 6.82326656933426e-05 0.0014631858434584468 1.1717472663001523e-06 -1.8304445630688715e-06 0.0031000253696615034 -0.0005384648275617416 -1.4745846793446835e-05 0.00010287212576844357 3.4928109036310134e-05 0.0010544215853274359 1.7514612842011505e-05 0.00020207523118798783 -8.308648664531243e-07 3.893835922114985e-05 0.00020612080661792893 2.4641098607302763e-06 -7.01075069145168e-06 6.623111654624569e-06 1.6279700736368265e-05 2.4441036510520578e-05 -3.1852688080909435e-05 -1.8834066729156858e-05 -1.1209726460963058e-05
880.0 5.955409920751024e-05 0.001290714302872415 1.4000775915085208e-06 4.7457073583929114e-06 0.002923424760385704 -0.0004569044255132674 -1.4614836396084591e-05 7.341265687215696e-05 2.0491086141715354e-05 0.0008725210000169836 -5.072445235375035e-06 0.0002144579564490533 2.8122462426591485e-06 3.1081729605426784e-05 0.0001813989794401936 7.007019036829006e-06 -3.536584886943792e-05 -6.122456514669896e-06 -1.9007880533274098e-06 1.1214242819295854e-05 1.7816078910207412e-06 -7.839351351972277e-07 -2.5571386089897256e-05
900.0 5.157452257924413e-05 0.0011236690431996941 1.032439939064152e-06 3.7658647570166097e-06 0.0027348406690411624 -0.00037303782426657736 -1.1722710883937281e-05 5.9168507091050926e-05 2.440133858146479e-05 0.0006746286925723373 1.4099731944480433e-05 0.0002185334768945173 -3.3440744771517204e-07 1.1369687037117417e-05 0.0001385218646760742 4.442481663181474e-06 3.531206136545934e-05 1.0245666787999084e-05 8.349880681100058e-05 -1.1127884350681202e-05 8.981959884053944e-06 -1.8849041668468692e-05 -1.9347489579694195e-05
920.0 4.070585274128694e-05 0.0010399409464028906 9.008736103584912e-07 -6.254354808104791e-07 0.002595133142911095 -0.0003472071059619349 -8.638875173353395e-06 5.454197418061356e-05 -1.973170821778867e-06 0.0006246881763008055 -9.796200175057158e-06 0.00021523709225849193 2.352510214519967e-06 1.2597827904979959e-05 0.0001015435879404964 -2.045853226338467e-06 1.658054029470537e-05 1.3520243586337596e-05 0.00012498019658335562 1.292646904080508e-06 -4.252180779738486e-06 2.004484244327725e-05 -1.5151268918139536e-05
940.0 3.684661968062918e-05 0.0009615611545837107 4.0494369919487427e-07 -1.925989274186304e-06 0.0024771109444040374 -0.0003122031921877144 -6.91916921317464e-06 5.308697895420035e-05 1.8190607357320707e-05 0.0005358893798598919 1.5536267572599235e-05 0.0002174797654604595 -1.9520884147019413e-06 6.444678929625185e-06 0.0001314896242297844 -1.1487887914006858e-05 3.803993832033496e-06 2.762204381000295e-06 -4.202490026971692e-05 2.720847322855114e-05 -1.3098146366246724e-05 -1.2644566998290881e-05 1.9694535610096766e-05
960.0 3.179685851990753e-05 0.0008859872716765642 6.112162951060324e-07 9.454781180920244e-07 0.002338896815511829 -0.00029635738012922846 -7.059874991680658e-06 6.219009203457825e-05 3.701407432309885e-05 0.00044243743213579596 9.013565126436192e-06 0.00014635606535173037 1.0752244996849048e-06 1.8635137285936204e-05 0.00014841263319994116 -2.7327950949902977e-06 -5.07010662309391e-05 5.348894288513333e-07 -3.5933607348256245e-05 3.7595618281830405e-05 -2.3504054495256076e-05 -2.3791588371891223e-05 -1.53422555298795e-06
980.0 2.6176000020553788e-05 0.0007717691889386657 1.4906866769749278e-07 -5.669238275908728e-07 0.0022487601887833716 -0.0002394475490400809 -3.7098388023074115e-06 4.579162173293901e-05 7.81053073373671e-06 0.0003559964624434293 1.1249380825529715e-05 0.0001399336416610208 -1.1899467282118172e-06 1.5434130167007857e-05 0.0001089050974059322 9.175837624911815e-06 -8.234807889877836e-06 -1.5413834282616212e-06 1.0223882344959822e-05 1.219229488418981e-07 7.359773017938947e-06 -2.4616918278007085e-06 3.722834696248895e-05
1000.0 2.4276452205125907e-05 0.0006941192059589854 4.872056422432384e-07 1.4025852457876249e-06 0.0021676808969904576 -0.00020231601341891384 -5.147630590195126e-06 3.199631420082605e-05 4.015930179023077e-06 0.00032862966897888486 -2.117015786215702e-06 0.00017614024385284124 1.2272248806924949e-06 7.061649027196828e-06 0.00010136688758798171 -6.217341444330598e-06 1.2338863876644767e-05 2.3413477684373032e-07 1.2428105395259518e-05 -1.2403538119402726e-05 2.564440121501429e-05 1.5133184945616178e-05 8.06751701633097e-06
1020.0 2.2616367428594655e-05 0.00060221161230491 6.142873911336717e-07 5.526126368531617e-06 0.002042260568641499 -0.0001694109524709247 -5.518826041676552e-06 2.385289442481527e-05 -6.881905091705324e-07 0.0002645744349953662 4.8975851481613134e-06 0.0001948552704793757 6.226497377357829e-07 -7.454048725360481e-06 9.091950543225738e-05 1.0747656405869879e-05 1.115263287294776e-05 -1.077932079594472e-05 -1.1374129813875894e-05 -7.529652420053195e-06 7.311818587964223e-06 -3.1980196823820396e-06 7.398122289812702e-07
1040.0 2.086968936787349e-05 0.0005606096429896305 4.44859510983351e-07 -1.1724685995251055e-06 0.0019595815549013425 -0.000141938872176656 -4.4715615736177165e-06 1.938208258402854e-05 9.904764778079798e-07 0.00021416341277407131 1.106565806031785e-05 0.0001748893009954253 -2.4145087070978495e-06 -4.304201026480382e-06 9.264734199327533e-05 1.294598989881569e-05 -1.5446750963969866e-05 2.88696264055462e-06 -3.493892934195287e-05 -2.8303147191474673e-05 1.2150103108223364e-05 1.3801090086482269e-06 1.027590305871018e-05
1125.0 8.918821605421028e-05 0.0028586209492709874 1.7866245020996984e-06 7.931864090369575e-06 0.011871872067842746 -0.000674869438411087 -1.7323676706861577e-05 0.00010875391921651388 -5.682627372248408e-06 0.0005152643035366746 -3.938241221276721e-06 0.0008289115303134986 3.5245130010143787e-06 2.183800646412295e-05 0.0004543953177750458 1.8947574415419107e-05 -2.4017132688903922e-05 -2.065422831680194e-05 -5.034987072405371e-05 -7.007897800881235e-07 -1.6390384658447165e-05 4.185581983014496e-05 0.00014241861448371638
1300.0 4.378610380541083e-05 0.0018167664630079816 6.776545574212907e-07 -8.610906824558463e-07 0.010427007157526987 -0.0003828836727868188 -6.877100036798972e-06 6.485311236227038e-05 -9.158220447954302e-06 -0.0003559432333020556 -1.7928588024696503e-05 0.000610747788432595 3.987409591152508e-06 9.059485824881426e-06 0.00024993323865675986 4.358023153073615e-06 1.3989222286855582e-05 2.1788518859135438e-05 0.0001504375868534826 -3.0080790017012377e-05 -2.8364686142916066e-05 4.036083806840206e-05 4.9130702469375596e-05
0.053346724268699956 0.2690160112081441 0.007955114736479066 0.00844841638506666 0.30245627179227125 -0.2209561998998466 -0.03697971680005915 0.07777018419596309 0.06733736134471507 0.38648318748053634 -0.030532638957817635 -0.14128727260914714 0.015549054117741289 0.06740770235094054 0.07617613992233656 -0.00019958978090627236 0.0004080369794023812 0.00043115569323359977 0.0008100585633493888 -0.0005686763607336684 0.0015648209669999363 0.00027522749429144443 0.0023760933502449373 