260.0 0.0019966587521120737 0.007003426565434024 0.0013218789118724763 0.0019184980863478493 0.01011310316882016 -0.007414686355982895 -0.0032435287924681535 0.006132476244850579 0.007284344631662621 0.01677121849126815 -0.00384403348951331 -0.00898014200603619 0.0031785167704897256 0.007374796354241965 0.008823561035090705 -6.508283833790871e-05 5.144652846716143e-05 4.099554265335397e-05 0.00013980576430275244 -1.80866040140936e-06 0.0001214369458707919 9.884576463004112e-05 0.00022886668571773508
280.0 0.003160929627188047 0.011421682347396265 0.0015844283068702982 0.0021822464617507913 0.015776604604208374 -0.01196198566589112 -0.004441318098255231 0.008528368137259122 0.009982784639752065 0.026751508700747995 -0.005177267227447563 -0.013993485784818037 0.0037114413562078018 0.009996459788683885 0.01173330527509715 2.3964663669779038e-05 6.742672944225167e-05 9.26494815239221e-05 6.803472233671993e-05 -0.00017256188460114023 0.00018962624153704858 0.00015288424940322303 0.00035874702360540943
300.0 0.003741375643783703 0.013807204140245288 0.0013760963467116998 0.0017432490780516776 0.017434561545417657 -0.014243894787203358 -0.004501691922911022 0.008693977442261518 0.009767964723283604 0.030927000202116358 -0.004957200715901563 -0.015654122130710983 0.0030812404983748543 0.009705097988079444 0.010974510672929772 -8.874898643397455e-05 -4.5412240683249994e-05 3.6771892693100976e-05 5.535896601492876e-06 -1.27110282370306e-05 0.00019238452965753233 3.2586053734234106e-05 0.00010906781425165856
320.0 0.004317758764961091 0.015959212347506503 0.0011639954076425273 0.0012891574706573536 0.017932292199484303 -0.016547390441086864 -0.004454122957455164 0.008618407281781077 0.009085737662956435 0.033594265070126715 -0.00460161532931095 -0.01734321615953261 0.0024578646668402837 0.009112756000662043 0.009694761956094956 -5.5077276865441395e-05 0.00028170191952953783 0.00015432965879733055 0.00021463295367933093 -0.00012892463603464464 7.247931502507762e-05 -3.9000601018608524e-05 0.0001500559620144342
340.0 0.005304338787476164 0.018673163127719297 0.0010227095452799279 0.000982964016642449 0.017767446150942695 -0.019784383893620288 -0.004625033177695445 0.008721202502646916 0.008426983575881656 0.03627197650952467 -0.004428128017242153 -0.018956251399834242 0.001984361094019258 0.008480641417837673 0.008331848383347124 -2.416862017397178e-05 0.0001473833971954802 7.7816595989391e-05 3.6813303765534754e-05 -0.00018667594052216717 0.0002438861672130964 8.756617030467707e-05 0.000331964817167251
360.0 0.007019690076101513 0.022730502088999332 0.0009707686521699399 0.00073841779865172 0.017300536073874904 -0.024980067025304996 -0.0051769896070372546 0.009381264876121995 0.008066220706558087 0.039223534890466004 -0.004297740189328243 -0.0211583882406429 0.0016573691526545532 0.008087988460736764 0.007128516466177477 -9.35543739026012e-06 -1.5985394407654194e-05 6.108457178179757e-05 -3.563484106634297e-05 -0.00027290929851877404 0.0004067754575444053 5.158795218477533e-05 0.0003396031882135976
380.0 0.007183960633879493 0.024696317266406788 0.000815105437120568 0.0005668090727549741 0.016704288322229113 -0.026225886667313313 -0.004767056584754586 0.008981942974802598 0.0071696906287948186 0.03945061853546246 -0.0036211901250141265 -0.020074172766516744 0.0013118258458322382 0.007203233755494216 0.006086519839608688 -0.00012251021658505812 0.00019301109491959818 7.008519678062554e-05 0.00011803765390624173 -7.650778469000879e-05 0.0001617924133213038 -3.0632017398998855e-05 8.219234200503389e-05
400.0 0.006505917380523059 0.02446391595080324 0.0006466292286568602 0.0004144311335048676 0.015835187549644063 -0.02452563837446679 -0.004001584691900733 0.007935494407244871 0.006060280348508489 0.0372452937616838 -0.002773477033173297 -0.017117736621803954 0.000982274052713936 0.006031410170141029 0.005125456678198611 -0.0001489084093858756 5.1749502119842316e-05 9.311417317330506e-05 0.00028543127854887103 -7.918375591589295e-05 0.0003165626640285907 5.2415173585886325e-05 0.00017098296040600665
420.0 0.005609817339601629 0.02334053637716851 0.0004910588128924424 0.0003359483986217959 0.015059731390778385 -0.02207714995831407 -0.0032079504552487478 0.00677679890997266 0.004941576017737894 0.03420626498656028 -0.002080214783920926 -0.014151764932378196 0.0007178385520329722 0.004961969514163642 0.00438382034068894 1.576286128717438e-05 7.591832491502516e-05 1.7686968592056868e-05 -2.39322616036217e-05 -0.00019857431228266075 0.0002698237360492493 0.00011205295574897949 0.0002737834806277017
440.0 0.00466721250168756 0.02150105415261008 0.0003721544774288271 0.00022466362699281292 0.014224481120966402 -0.019209887354491435 -0.002518543594105394 0.005693102986648444 0.004041845240538617 0.030499165975330533 -0.0014816476694266927 -0.011466061931394841 0.0005291434965185684 0.004059384940357994 0.003745212002602207 -5.592466510210265e-05 -6.203165780825859e-05 7.891060880708652e-05 6.596636266339545e-05 -3.5267219661295026e-05 0.00022108116445414906 5.921617666981079e-06 0.00015284757954115759
460.0 0.003861236517605082 0.01959465051734549 0.00028104311189247074 0.00019858573781359834 0.013495673677948484 -0.016464896418478914 -0.0019765932603371737 0.004712672076772321 0.0032754299445866297 0.02699153994671772 -0.0010877995195550405 -0.008869919987902045 0.00038717890434493836 0.0032439552349989133 0.0032690366360423715 0.00012964701488801843 -1.2727310897599281e-05 -3.517345342309475e-05 -0.00023300571814014647 -0.00011471144419157304 0.00010932096919516488 4.239105472590357e-05 0.0002813059991705806
480.0 0.003151943288895471 0.01758870881015819 0.00021116169767599434 0.00017042956677128652 0.01272904823658887 -0.014012431443625515 -0.0015332741737352491 0.0038680916822107577 0.0026582671110085684 0.023725419658490718 -0.0007841040409385935 -0.006985806586376355 0.000298560393208443 0.002638454881395513 0.00284837914461334 9.746589356564207e-06 -5.293463073637321e-05 -2.57594061507841e-05 -0.00012610154226053624 2.797913241069295e-05 0.00011632639708650876 -6.084442899529784e-05 1.924757175250187e-05
500.0 0.002548354164142035 0.015761409283184775 0.00015841909385390555 0.0001248450988159756 0.011873009096579203 -0.011835528118452225 -0.0011793141668422743 0.0031751164118507466 0.0020947407632518067 0.020633781711820103 -0.0005438355607301939 -0.005223991609796184 0.00020523714246754632 0.002064409928432867 0.002358273425462298 3.975817317433978e-05 -8.690576020172635e-05 -3.6179409406562587e-05 -6.004747773146557e-06 -6.907368549967634e-05 0.00021025383097432156 7.357251407055001e-05 0.00023520465619818285
520.0 0.002055339206455715 0.014124250075693944 0.00011612455259431594 9.508839858259252e-05 0.01115209533022403 -0.0099722893853144 -0.0009021905435931705 0.0025832596413326754 0.0016510643142284645 0.017953286307565496 -0.000406196955299541 -0.0039485166408253685 0.0001609208254949086 0.0016339169406959753 0.002000128072654327 -7.38946675195079e-05 -0.00010820508280473952 2.9214789812690573e-06 0.00018681897886430932 8.91501325662012e-05 0.00016864750268282808 5.1912736669751825e-05 0.0001211621425599429
540.0 0.0016799843094373913 0.01247895029178686 9.051889324681456e-05 7.047353018726989e-05 0.010598767159811104 -0.008366327099912406 -0.0007127252423634079 0.002109082131102433 0.001374007431748496 0.01566330612136097 -0.0002559578968718152 -0.0030213832569125558 0.00012014719233656485 0.0013453313118585663 0.001794411688306694 -5.303948151469338e-05 3.5816645086863664e-05 8.272503590909717e-05 0.00021304912086929443 -5.545023650347698e-05 0.00010018908825565119 -4.074921369298591e-05 -5.647522189795924e-05
560.0 0.0013669590359049906 0.011095127641256523 6.821542350405939e-05 7.071738965162425e-05 0.00980821953682314 -0.0070892828887715725 -0.0005557320849059036 0.0017309540463304456 0.0010700918009316337 0.013480242853763322 -0.00021455598709862155 -0.002060541966197311 9.138023298099547e-05 0.0010309062675268946 0.0015406405083978577 -5.0250463037168305e-06 6.489581110574153e-05 1.5337534545202514e-05 -3.6794060832502915e-05 -5.233815374029667e-05 4.30665515276329e-05 1.766939211884092e-05 2.2372544076376005e-05
580.0 0.0011039330235916157 0.009885885926433975 5.475459695611485e-05 4.788459507782039e-05 0.00930133158559262 -0.005999604381517406 -0.00044247431020431844 0.00145068503978022 0.0009237818131825026 0.011794162910392652 -0.00013185667497063957 -0.0016810837425537686 7.359382102995977e-05 0.0009099711069591184 0.0014427854851500744 -5.95989083876609e-05 -8.672751448375624e-05 3.989828351021562e-05 4.9164916442987137e-05 0.00020547323048959577 -2.7437267120964086e-05 -8.0662204062115e-05 5.177233238049121e-05
600.0 0.000910097313037835 0.008742689357140792 4.070039151900077e-05 3.82968444738879e-05 0.008795179305665772 -0.005157194896887885 -0.0003469422173172322 0.0012079929651017712 0.0007009930366785348 0.01009303372166337 -5.474951334198479e-05 -0.0010117893690281704 4.445453234961216e-05 0.0006689196350944153 0.0012436010024192436 -2.4543656581336625e-05 0.0001232561794779781 2.7788410990465346e-05 -4.4370499427512215e-05 2.8191041194369762e-05 1.0887666548754128e-05 -4.2115908965949586e-05 7.526915199781099e-05
620.0 0.0007433519251760357 0.007695436463023982 3.0903719575342934e-05 2.570782089824798e-05 0.008254082181695363 -0.004209135060811388 -0.0002710844512437055 0.0009472799070722718 0.000507162748979019 0.008611562085438446 -4.1245799944615827e-05 -0.0006486602779030761 2.9070230025671553e-05 0.000532285744689446 0.00103554173274605 5.3310225255504085e-05 -0.00011570106055134524 2.1433400258910037e-05 0.00010526907223732319 -0.00011580508850239307 0.0002237903099587821 5.8315789298476486e-05 0.00011440291116294305
640.0 0.0006175611634699021 0.006818884118467993 2.4368232190765222e-05 1.6900347973577664e-05 0.00789634762912584 -0.0035897234549138557 -0.00021641121776719855 0.0008094184310098446 0.0004138235835340201 0.007559310344804389 -4.1591973192433314e-06 -0.0003778299055222677 2.1946629805681497e-05 0.00044167239337837094 0.0009082644849197467 -2.4252615312580944e-05 0.00011694191451552005 2.6582501960453465e-05 6.853144183176059e-05 -3.473213693940856e-05 4.417827422840864e-05 1.581752904402208e-05 3.689205045985945e-05
660.0 0.0005024937189287483 0.00609591641076605 1.7010107471313815e-05 2.0678771109060323e-05 0.0074068114661072805 -0.0030931622016564355 -0.00016369102153892558 0.0006673671539532905 0.0003345135035439852 0.006487355598125126 5.622156946037212e-06 -7.631715989889513e-05 1.2208374933985574e-05 0.0003253744033268874 0.0008439685247829276 -9.670094673245013e-06 0.00015005867156562454 5.488745085604785e-06 -4.273593503570418e-05 -2.3295901864028715e-05 -6.703232018742335e-05 2.7622163779424593e-05 8.111645288636239e-05
680.0 0.00041884309721018946 0.005373772903104584 1.3615704015296693e-05 9.472644615117808e-06 0.006932399228388122 -0.0026484398743026444 -0.00013162235943903926 0.0005785075985214736 0.00025978542342832117 0.0053789196280088 2.9451534804317415e-05 -5.1449341195576995e-05 7.229160245345309e-06 0.00026599334350260934 0.0006902021225494341 2.605967570927521e-05 3.1012721940007983e-06 -1.206106864304278e-05 -3.4995935218004526e-05 -3.597962092106298e-05 2.015759421525971e-05 -3.9762850413224585e-07 0.0001438354454617935
700.0 0.0003502414263546821 0.004760398637684531 9.944352899043521e-06 2.8485123505489103e-05 0.0065946438846409185 -0.002249198272129793 -0.00010507815666548016 0.0004755356851402253 0.0002291914344123096 0.004720560358528534 -2.4839005640719175e-05 8.859348466820914e-05 1.3658240541633499e-05 0.0002389350175051281 0.0006599781664103261 2.1344596582138627e-05 -1.695523076468362e-05 -4.209844515112626e-05 -0.00013036736770264057 -6.365970978580597e-06 6.83632817681784e-05 3.5624267535065265e-05 0.00017600678329598052
720.0 0.00028970674031420445 0.004223800885712805 8.916695517261967e-06 2.4055195922350764e-05 0.006178176090776862 -0.0018566826132330723 -8.835352051743934e-05 0.00037829247580392243 0.00016200364822024013 0.003928556751936306 -2.7532920875647343e-05 7.410353105925079e-05 1.6305457943273777e-05 0.00020170393077295688 0.0005634924147069663 1.2369332154185551e-05 2.0529588754857017e-05 -4.016205240612e-05 0.00010860936780272056 3.977345501525507e-05 2.3001938012191015e-05 2.596848740922056e-05 9.782520087048384e-05
740.0 0.0002438411296385603 0.0037223176478358906 6.2873714531864945e-06 2.4168920012331847e-05 0.005852360111893185 -0.0016357612003174637 -6.727086603300861e-05 0.0003391519626493399 0.00015432598334111285 0.0034151516927647505 -2.4983725196843644e-05 0.00011084899450802944 1.4062148546829372e-05 0.00017917496078654414 0.0005035639684955127 2.0468170082894384e-05 -2.2590914414692856e-05 -3.2504054940013096e-05 1.956720970073707e-05 -1.227701694886407e-06 3.7378452918888944e-05 1.7648343645161282e-05 0.00013621516325652193
760.0 0.00020908269432953538 0.003345666684588196 6.106474499635775e-06 1.896489653738259e-05 0.005422711813656411 -0.001463212595397402 -6.199946984694075e-05 0.0003052459527638291 0.0001319041620925362 0.003003409174378446 1.8453028310059806e-05 0.00018200424516632047 5.965422843112614e-06 0.00014745142394958903 0.0004889819752669439 7.902054099530001e-06 0.00015217888455957274 -4.85726044756839e-06 3.9386530733720446e-05 -3.1360005746926804e-05 -8.205268159027598e-06 -1.2734446049019373e-05 4.685463907514779e-05
780.0 0.00016477660936603685 0.0029715715452795634 4.288028742638343e-06 4.454433092282311e-06 0.005094242693940743 -0.0011890199377298104 -4.4761688108391116e-05 0.00023411068848364815 0.00011761099427276405 0.002580010207644637 4.406182383541531e-05 0.00029936313597555956 1.4984977614999592e-07 8.157381805373585e-05 0.00043663816537917974 -5.223610350499305e-05 1.6121792213471622e-05 8.006656786709665e-06 -4.65567695561094e-05 4.740244770553267e-05 -2.2745658097733792e-05 -2.6193542372237283e-05 5.318786485739353e-05
800.0 0.0001438288275209028 0.0026587428820435575 3.986795979436565e-06 1.6756651355361564e-05 0.004798550191477602 -0.0010834545790381939 -3.8769626369785095e-05 0.00022993117272670686 0.00011151134420183416 0.0021954985896438764 3.8796602062037726e-06 0.000190441806920376 6.3883757988408735e-06 0.00011516461267524052 0.00041443924506130654 2.2427091554966598e-05 4.863923838641508e-05 -3.292518165800521e-05 -3.6922617436722894e-05 -2.145937793994897e-05 -1.653566259426027e-05 1.7812168839189488e-05 0.00010958713070191346
820.0 0.00012149919518307875 0.002345201034453402 3.0110740364394895e-06 1.3797119728107935e-05 0.004642501350231262 -0.0008569601052798927 -3.146780591886089e-05 0.00017193224312640008 8.076446139412661e-05 0.0018560579950090352 -5.832157739626326e-06 0.0002822525364153304 6.495107728834223e-06 7.103751420028945e-05 0.0003498744219006947 -2.0793203323591147e-06 -2.1277590544020446e-05 -2.4730505867171837e-05 -2.695273120257878e-05 8.094717244174817e-06 -8.523919383208466e-06 1.9483179414174062e-05 0.00010712839048110089
840.0 0.00010600790703011482 0.0021798046990649657 2.3958349357802272e-06 -4.188458723534448e-06 0.004353821735441576 -0.0008310622783487343 -2.682339151624974e-05 0.00015754505468244207 5.712339640806009e-05 0.0016490199405859785 2.9838799838005514e-05 0.00024227864046146136 -3.9180954563469545e-07 6.629399235033519e-05 0.00031881154676225126 -3.663155925217222e-05 6.531074218333767e-05 5.0543012690475814e-05 5.011229068702121e-05 1.0155101995638074e-05 1.8265236614082368e-06 -2.3502127472799233e-05 5.951417314149775e-05
860.0 8.51873133230876e-05 0.0019399813181513726 1.4094278478266198e-06 3.2869869463113104e-08 0.004157727311515035 -0.0006966282880329269 -1.8250355389303706e-05 0.0001380338971502143 5.708471621212764e-05 0.001419737533960444 2.1052321715333926e-05 0.00027289053958792943 -4.285811546173528e-07 5.4118939285493025e-05 0.00028171430050359187 6.765318301541557e-06 -6.278867043035835e-07 7.95169792849966e-06 1.968634799355017e-05 3.182780402049385e-05 -4.026602947342841e-05 -3.0411568397274262e-05 1.0598418539319677e-05
880.0 7.409561369443347e-05 0.0017094217746177341 1.9788565981928725e-06 6.538447083957506e-06 0.0039215257249891645 -0.0005738681944432176 -1.9290304613201985e-05 9.596677222924607e-05 2.755299935116404e-05 0.001178600097182168 -4.011565229819128e-06 0.0003075945952141004 3.815162743749377e-06 4.049219754610779e-05 0.0002439276020557062 -1.0907022711348288e-07 -5.139928351696525e-05 -6.534643087840038e-06 1.6711003736443206e-05 2.078633647211932e-05 9.866243671234344e-06 -2.314131739415931e-06 -2.9548803935543864e-05
900.0 6.297767088423086e-05 0.0014892401144316885 1.3460647411244378e-06 5.402676114482248e-06 0.0036582099514619855 -0.00046522230498562513 -1.4618919709318912e-05 7.459715100695541e-05 2.7649366754040937e-05 0.0009131491273804328 1.652665511836873e-05 0.0003117088193015037 -9.707844012121989e-08 1.3138279195308569e-05 0.00017793572175215524 8.889836838144723e-07 4.3608579628310125e-05 8.566347659614827e-06 0.00011405690935056113 -4.633893979048762e-06 1.7233209436541263e-05 -2.026995059237232e-05 -1.305982859238378e-05
920.0 4.9432006121963624e-05 0.001388195860163682 1.1041766306222296e-06 -2.977498452834069e-06 0.0034799837400220765 -0.0004477077504025329 -1.050251757304502e-05 7.27461316476003e-05 -7.850471813445066e-06 0.0008339846617728729 -8.209275250386872e-06 0.00029421811319490067 1.759634560031518e-06 1.657393575205623e-05 0.00013243537402718293 3.265874862271762e-06 1.1193506036422527e-05 1.8647174528555463e-05 0.00016337622691508843 4.979385498538515e-06 -8.492012361595899e-06 2.0559788108755147e-05 -9.762329893786e-06
940.0 4.472490844897767e-05 0.0012746357853499553 6.672900631925564e-07 -2.183071897161958e-06 0.00333147089047841 -0.0004026477120242324 -9.14295481717637e-06 7.395664970547369e-05 2.8988351959517213e-05 0.0007394440996142875 1.8931156889717877e-05 0.0002980471350909118 -1.9232972025784575e-06 1.1822393944668548e-05 0.0001813479618449445 -1.635410221653614e-05 1.4466647540405895e-05 5.2607396534293915e-06 -5.778664444361739e-05 3.5149245086259974e-05 -2.014835476691194e-05 -1.6805753678103118e-05 3.4242989778217355e-05
960.0 3.8788951576311436e-05 0.0011542179763325974 6.262908145737824e-07 -5.295122309536857e-08 0.0031418658507496554 -0.00036156734666361457 -7.969289470332264e-06 7.606883558055397e-05 5.305346648379505e-05 0.0005958380377257193 1.7785323945254448e-05 0.00020524276343789665 3.0160872197946695e-07 2.3119887536178062e-05 0.0001917435368048168 -4.837469391379019e-06 -0.00010150622273343192 5.651129370016692e-06 -1.2445313144532115e-05 5.057833637565142e-05 -1.3287730853685482e-05 -3.933925352865406e-05 -2.005611561482966e-05
980.0 3.057024043561798e-05 0.0010344821999821977 1.4869135382725724e-07 -1.3266670107568806e-06 0.003012509279464448 -0.0003109461600524383 -3.802855082350958e-06 6.361301728570359e-05 1.683757036965783e-05 0.0004977041963674801 1.7518540368622296e-05 0.00019250623347552288 -1.7497057826863376e-06 2.1461092032423423e-05 0.00015306615823657818 6.315273125612814e-06 -1.7335569301878933e-05 -3.240981886857385e-06 -2.4381474148380026e-06 1.5154053297715343e-05 -9.009393208103215e-07 -6.33228795513089e-06 6.11502708815069e-05
1000.0 3.0787298314543805e-05 0.0009152882325505891 9.024655913527589e-07 1.661821265535868e-06 0.0029127535944669775 -0.00025668070988453295 -7.806897348460566e-06 3.980020769241821e-05 3.794163729669613e-06 0.0004561316053129392 -4.938009643068624e-06 0.00023793944746401433 2.0868516394292952e-06 8.368812902576812e-06 0.00013284724913247757 -6.4405960438571355e-06 2.7056970835789618e-05 2.4531033672075132e-06 3.827450721523532e-05 -1.7769191071651955e-05 3.443620645633442e-05 1.902718343794761e-05 1.9897973352120627e-05
1020.0 2.897083233559985e-05 0.0007985392407444033 9.338633729327089e-07 5.056116823030185e-06 0.0027599889585362427 -0.00021544287672989286 -7.63967294649613e-06 3.164025508570414e-05 -7.131803470931245e-06 0.00034970898290616315 1.2038040239397854e-05 0.000265446217854005 -4.1174455764219785e-07 -1.0328109332273812e-05 0.00012493173794435235 1.696672660027006e-05 1.9969889904184937e-05 -1.0292762085657406e-05 -2.0683281331263934e-05 -2.009615607072456e-05 1.1651216991555013e-05 -6.313621143199784e-06 1.7601592435645805e-05
1040.0 2.5484934297680683e-05 0.0007424251907248433 7.445864041170295e-07 -2.749924191807067e-06 0.002629195727386047 -0.00017230654975244498 -6.424659035475031e-06 2.6725306372538405e-05 -1.0726465404282941e-06 0.00030938615485613717 1.6923560952780412e-05 0.00024070939614039788 -3.479969443186142e-06 -4.8966991292109025e-06 0.00012476689508975454 1.4296419274025427e-05 -1.6491781142424197e-05 6.805366383143686e-06 -4.153799726795629e-05 -3.86067054749159e-05 1.559632775056278e-05 4.794122468385854e-06 2.2004749276384618e-05
1125.0 0.0001110696066774698 0.0037681549315902326 2.2971150161287374e-06 2.0612724321820843e-05 0.015963446624472438 -0.0008422465380048859 -2.2399840250940417e-05 0.00014667259968480727 2.820595000039457e-06 0.0008167498153513055 -1.0081185505722788e-05 0.0011512642165563043 6.193882856680411e-06 2.3377056493470502e-05 0.0006319334597877372 3.997778134950095e-05 2.363897398945583e-05 -5.102866024369339e-05 -0.00010833758213266933 -2.6162601599991497e-05 -7.226334324402236e-06 6.466783453481794e-05 0.0002845102613074499
1300.0 5.3019439547634396e-05 0.002373188698601517 9.466844462027128e-07 2.162968238390027e-06 0.014008197063539386 -0.00045874007993545015 -8.945721479900532e-06 8.57024466636276e-05 -1.3164153753428768e-05 -0.00042934828535040853 -2.4472238224861782e-05 0.000783511893966734 5.6264219970055075e-06 1.5579212474371025e-05 0.0003211784614594859 3.119689252977281e-05 3.7350265583276616e-05 2.2195073910932564e-05 0.0002360482451386587 -6.571192164885586e-05 -4.290731707337275e-05 4.8225459919448696e-05 0.00012422275147732002
0.07076465946868979 0.3656173784377186 0.01092916959072251 0.011437997136086639 0.4066360064164552 -0.29607899266640336 -0.049951663303120376 0.10657264797811432 0.09131618806282603 0.5219908083250137 -0.040674010172406794 -0.18582631082071224 0.02112314347079482 0.09140966510449179 0.10284996354714278 -0.0003384141283408116 0.0008709480528403272 0.0006073248391157606 0.0009960365129061677 -0.0013438960415382128 0.0031878080416817673 0.000836039522806347 0.005091421995667977 