6.012111198854404e-09 -5.686306849990322e-09 4.416351669382434e-10 7.984089017791074e-10 3.1549373961641863e-09 -2.8593716678107255e-09 -3.5703809125036966e-09 3.2232917958356614e-10 -1.1236475776661756e-09 -4.027756608890747e-09 -3.3857217453294267e-09 -7.411031099377589e-09 3.842371216004052e-10 1.1819161963518252e-09 2.4774166538861244e-09 1.0439391057304759e-08 6.195846968037124e-09 2.159530074499308e-09 -7.203249097943753e-09 -2.0851849618086743e-08 7.029093516336491e-09 2.5840666172117317e-09 8.068282256210927e-09
-5.6863068499904095e-09 1.4555853776637045e-07 -3.1669262370677686e-10 -6.912649266765537e-09 -3.591909602756117e-08 -1.2188032343129852e-07 3.0705127422289872e-09 3.55250764188947e-08 2.355153473569653e-08 1.3808232993964473e-07 8.117085251989509e-09 -6.062651259649776e-08 -4.6165251091178327e-10 1.92955897617601e-08 1.4740358179397095e-08 -2.5077190369056925e-08 3.093701892497939e-08 1.9397330407155838e-08 5.3231136133815905e-08 5.390777092410701e-08 -4.7145954547384596e-08 -1.782074183174162e-08 -2.2045791109241214e-08
4.4163516693824434e-10 -3.1669262370677495e-10 1.4818276893545346e-10 -7.939636271120159e-11 5.229158657965151e-10 -9.34302739377137e-11 -6.077358644096771e-10 2.9953459648196825e-10 3.733921330975658e-10 2.1581793750086045e-10 -4.903717007772528e-10 -8.217234108240402e-10 2.077537247787467e-10 3.1273890909453884e-10 3.37457997903197e-10 4.8879877851487e-10 -8.842435777114201e-11 4.962444994857314e-10 -2.877401608384035e-10 -7.817213864003586e-10 1.7723510848769255e-10 -1.3486831226350674e-10 8.658380940981436e-11
7.984089017791122e-10 -6.91264926676491e-09 -7.939636271120278e-11 5.580389735338955e-09 3.222932081115319e-09 3.56029509073075e-09 -9.684655989662385e-11 -9.971262307445287e-10 1.6005386450556575e-09 -3.1252703113291113e-10 -7.618872111181499e-09 3.0309862158918603e-10 1.467158565357539e-09 -6.4223165770683e-11 7.606982600123319e-09 1.1967030892890208e-08 5.232602195226864e-10 -1.4829470220237711e-08 -2.4556366427245962e-08 -8.427003090445473e-09 2.476558521405305e-09 5.464666586542492e-09 9.723460295124808e-09
3.154937396164297e-09 -3.59190960275606e-08 5.22915865796508e-10 3.222932081115638e-09 1.491931294602106e-07 4.5833974739776974e-08 -2.9860183092124423e-09 -7.450221365475519e-09 1.16583971552024e-08 6.499162807617083e-08 -1.1361510375470686e-08 2.0633704687635643e-08 1.5923428940911844e-09 5.406601160435921e-09 3.264935712254623e-08 2.4645741220612565e-08 -5.4387457015272844e-08 -2.2093978539934424e-08 -1.1583639814377273e-07 -2.2551454036800548e-08 -4.544865817613021e-10 1.4495287631851148e-08 -2.0987443373738776e-08
-2.859371667810525e-09 -1.218803234312989e-07 -9.343027393770048e-11 3.5602950907314767e-09 4.583397473977845e-08 1.87438406759653e-07 1.3265792903858789e-09 -4.941151317858795e-08 -1.6143935779530263e-08 -9.041493998211732e-08 -3.047509586855388e-09 1.5102931875927074e-07 6.63509861854395e-10 -3.864396785480374e-08 -2.0107632695834382e-08 -1.907008404440596e-08 -1.1348952127447481e-07 -2.3718028673661354e-08 -7.704887139022703e-08 9.56028212004954e-09 3.260544269518896e-08 1.8550879100175575e-08 -2.5773104079055218e-08
-3.570380912503695e-09 3.0705127422289666e-09 -6.077358644096765e-10 -9.684655989662544e-11 -2.986018309212441e-09 1.3265792903859804e-09 3.3064789372909568e-09 -8.274969437934118e-10 -4.682896529222859e-10 5.070988513873999e-10 2.4537305734964745e-09 4.5056271580966765e-09 -6.853418592859605e-10 -1.047619021822354e-09 -2.016193778628877e-09 -5.593884240825766e-09 -2.8395914845980916e-09 -2.6840883721052743e-09 3.377413459310338e-09 1.07893737314826e-08 -3.1483950222925643e-09 -3.5448601319372495e-10 -2.878740073660052e-09
3.223291795835269e-10 3.5525076418894916e-08 2.995345964819632e-10 -9.9712623074473e-10 -7.450221365476035e-09 -4.941151317858811e-08 -8.274969437933855e-10 1.980012185325184e-08 1.2202092615878215e-08 2.4611031754204662e-08 6.582644028676011e-10 -6.005295791762644e-08 7.467919899226357e-10 1.7483833984959755e-08 9.41258688125275e-09 6.699154758439485e-09 1.5642063179773385e-08 4.282635160246563e-09 2.198657158380497e-08 1.6012923995632272e-09 -1.0825533364359025e-08 -8.30247758483508e-09 7.203255655440409e-09
-1.1236475776661584e-09 2.3551534735696996e-08 3.7339213309756807e-10 1.6005386450555293e-09 1.1658397155202019e-08 -1.6143935779530924e-08 -4.682896529223011e-10 1.2202092615878429e-08 4.178982391565582e-08 4.8157189617932726e-08 -5.7600631003488545e-09 -2.5876718393655538e-08 3.1967360889578075e-09 1.2184084382402999e-08 2.8238166818455774e-08 -5.320691007401254e-09 -6.037236371748815e-08 -6.217026040735081e-09 -2.6979083519692495e-08 3.393261954342859e-08 -2.280143542601467e-09 -1.0742398294817411e-08 -1.2295004626426285e-08
-4.02775660889088e-09 1.380823299396457e-07 2.1581793750086042e-10 -3.1252703113345107e-10 6.499162807616987e-08 -9.04149399821183e-08 5.070988513874503e-10 2.4611031754204914e-08 4.815718961793285e-08 3.076808905150013e-07 -7.983086735109983e-09 -2.2860458487379543e-09 2.8085597679746483e-09 1.6496286449732156e-08 5.388395099989657e-08 -2.784064259399261e-08 1.7609293864420786e-08 5.2458596017767966e-09 -4.136555239319481e-08 6.14598754876742e-08 -5.875121112873697e-08 -7.781487393480186e-09 -6.483564800042493e-08
-3.385721745329582e-09 8.117085251988262e-09 -4.903717007772705e-10 -7.618872111181579e-09 -1.1361510375469908e-08 -3.04750958685323e-09 2.4537305734965837e-09 6.582644028669011e-10 -5.760063100349321e-09 -7.983086735111366e-09 4.464711712736235e-08 2.270439573367156e-08 -8.00762172546586e-09 -8.956567883062767e-09 -7.587900167605e-09 -2.3362109053196583e-08 3.336576079227003e-08 2.299269682616975e-08 4.2010847604412164e-08 -4.58376220095064e-09 -4.06334113738957e-09 -2.6992379688861875e-08 -2.3668507004856404e-08
-7.411031099377578e-09 -6.062651259649856e-08 -8.217234108240261e-10 3.0309862158966843e-10 2.063370468763696e-08 1.5102931875927209e-07 4.505627158096659e-09 -6.005295791762666e-08 -2.587671839365484e-08 -2.2860458487373405e-09 2.270439573366918e-08 4.2463061752040124e-07 -6.377067055423326e-09 -1.079102198547852e-07 -3.203533797105313e-08 -7.418455347107886e-08 -2.5137232396420846e-08 -2.8601945205663976e-09 -1.2353755858561528e-07 3.112049583321161e-08 3.548956136572295e-09 1.8818405486899314e-08 -9.895970402109437e-08
3.8423712160043293e-10 -4.616525109116228e-10 2.0775372477874964e-10 1.4671585653575561e-09 1.5923428940911499e-09 6.635098618541034e-10 -6.853418592859799e-10 7.467919899227387e-10 3.196736088957874e-09 2.8085597679747766e-09 -8.00762172546587e-09 -6.377067055423728e-09 2.195708725907256e-09 2.7362281643821728e-09 1.7866202187681452e-09 -2.1185283382198504e-10 -6.319056877398366e-09 -3.6195630385296424e-09 -1.7721657598119622e-09 7.423017069498832e-09 -1.909634394009105e-09 1.3245877562990703e-09 -6.372407339116497e-10
1.1819161963518353e-09 1.9295589761760384e-08 3.127389090945351e-10 -6.422316577078854e-11 5.406601160435372e-09 -3.864396785480431e-08 -1.047619021822352e-09 1.748383398495989e-08 1.2184084382402861e-08 1.649628644973191e-08 -8.956567883062182e-09 -1.079102198547856e-07 2.7362281643820723e-09 3.2937032011964575e-08 1.4928983884670322e-08 1.3559527534817912e-08 -4.89464862936913e-09 4.18041755991384e-10 2.3409063942953048e-08 4.828456991602432e-09 -6.512734535423831e-09 -5.6541322643811955e-09 1.4045633663638859e-08
2.4774166538861786e-09 1.4740358179398261e-08 3.3745799790319587e-10 7.6069826001232e-09 3.264935712254531e-08 -2.010763269583626e-08 -2.016193778628896e-09 9.412586881253236e-09 2.823816681845578e-08 5.388395099989707e-08 -7.587900167604354e-09 -3.203533797105446e-08 1.7866202187680255e-09 1.492898388467056e-08 6.539443944119024e-08 2.6985795188907506e-08 -2.949431599464599e-08 -2.3693143311442257e-08 -1.3024949244770747e-07 -6.478373807831307e-09 -7.555359298990084e-09 1.7541291572635269e-09 2.796116012628642e-08
1.0439391057304848e-08 -2.507719036905472e-08 4.887987785148607e-10 1.1967030892890049e-08 2.464574122061098e-08 -1.907008404440918e-08 -5.593884240825787e-09 6.699154758440186e-09 -5.320691007401324e-09 -2.784064259399069e-08 -2.336210905319531e-08 -7.418455347107956e-08 -2.1185283382223288e-10 1.3559527534817875e-08 2.698579518890717e-08 1.2742287285888024e-07 1.7488658870548326e-09 -3.282252279151514e-08 -9.189526238882136e-08 -1.3684668268314395e-07 4.104339085281903e-08 2.412213165686337e-08 7.315943480730178e-08
6.195846968036539e-09 3.09370189249781e-08 -8.842435777120929e-11 5.23260219522324e-10 -5.438745701527323e-08 -1.1348952127447175e-07 -2.839591484597676e-09 1.5642063179772227e-08 -6.037236371748918e-08 1.7609293864419536e-08 3.3365760792271465e-08 -2.5137232396415767e-08 -6.319056877398583e-09 -4.894648629370492e-09 -2.9494315994648126e-08 1.7488658870503172e-09 5.091526359169777e-07 7.178510751076393e-08 2.0096989461720394e-07 -1.4815215655055638e-07 -9.20332791634694e-08 -2.070821433044682e-08 5.2912670617757976e-08
2.1595300744991983e-09 1.9397330407153836e-08 4.962444994857231e-10 -1.482947022023779e-08 -2.2093978539933776e-08 -2.371802867365861e-08 -2.684088372105213e-09 4.2826351602457566e-09 -6.217026040735695e-09 5.2458596017748486e-09 2.2992696826169975e-08 -2.860194520564011e-09 -3.619563038529654e-09 4.1804175599078835e-10 -2.3693143311443025e-08 -3.2822522791516484e-08 7.178510751076351e-08 6.992503113528223e-08 1.2015882314915359e-07 -1.7723867137077858e-08 -3.831519440065998e-09 -2.4736852749513188e-08 -2.772261470532644e-08
-7.203249097944225e-09 5.323113613381103e-08 -2.8774016083843225e-10 -2.4556366427246237e-08 -1.1583639814377116e-07 -7.704887139021982e-08 3.3774134593105904e-09 2.1986571583802923e-08 -2.6979083519693587e-08 -4.136555239319915e-08 4.20108476044127e-08 -1.2353755858560892e-07 -1.7721657598119736e-09 2.3409063942951496e-08 -1.3024949244770935e-07 -9.189526238882512e-08 2.0096989461720026e-07 1.2015882314915348e-07 5.961003787064709e-07 2.5808328782323022e-08 -4.9579279250629305e-09 -6.422290500242964e-08 -1.0782817533344268e-07
-2.085184961808663e-08 5.3907770924106045e-08 -7.817213864003216e-10 -8.427003090445238e-09 -2.255145403679919e-08 9.560282120050754e-09 1.0789373731482463e-08 1.6012923995632523e-09 3.3932619543429205e-08 6.14598754876728e-08 -4.5837622009524416e-09 3.112049583320904e-08 7.4230170694991635e-09 4.828456991603304e-09 -6.4783738078300174e-09 -1.3684668268314188e-07 -1.481521565505609e-07 -1.772386713707917e-08 2.5808328782318423e-08 2.865619482630183e-07 -9.077813736186558e-08 -3.8736970519290974e-08 -1.2042572242065125e-07
7.029093516336567e-09 -4.714595454738406e-08 1.772351084877039e-10 2.4765585214052483e-09 -4.5448658176159554e-10 3.260544269518831e-08 -3.1483950222926354e-09 -1.082553336435887e-08 -2.28014354260133e-09 -5.875121112873589e-08 -4.063341137389316e-09 3.5489561365726155e-09 -1.9096343940091356e-09 -6.512734535423906e-09 -7.555359298990169e-09 4.104339085281878e-08 -9.203327916346853e-08 -3.831519440065483e-09 -4.957927925061999e-09 -9.077813736186584e-08 1.3778813407339514e-07 3.473833174652982e-08 6.964695530187886e-08
2.584066617211866e-09 -1.7820741831740146e-08 -1.3486831226349495e-10 5.464666586542549e-09 1.449528763185069e-08 1.8550879100173537e-08 -3.544860131938079e-10 -8.302477584834474e-09 -1.0742398294816867e-08 -7.78148739347819e-09 -2.6992379688862e-08 1.8818405486897507e-08 1.3245877562990771e-09 -5.654132264380695e-09 1.7541291572640908e-09 2.4122131656864185e-08 -2.070821433044645e-08 -2.473685274951309e-08 -6.42229050024293e-08 -3.873697051929183e-08 3.473833174653014e-08 5.9329969486368035e-08 7.39477317728076e-08
8.06828225621105e-09 -2.2045791109238783e-08 8.658380940981581e-11 9.723460295124652e-09 -2.0987443373740182e-08 -2.5773104079058226e-08 -2.8787400736601138e-09 7.2032556554411226e-09 -1.2295004626426152e-08 -6.483564800042238e-08 -2.3668507004855563e-08 -9.89597040210954e-08 -6.372407339118288e-10 1.4045633663638994e-08 2.7961160126286176e-08 7.315943480730186e-08 5.2912670617760914e-08 -2.772261470532527e-08 -1.0782817533343924e-07 -1.2042572242065294e-07 6.964695530187943e-08 7.394773177280721e-08 2.592445368875124e-07
