mass,r_br_yy_bb,exp_limit,obs_limit
251,0.0000,0.335841,0.647312
251,0.0001,0.335259,0.659605
251,0.0002,0.333615,0.667552
251,0.0003,0.331083,0.671917
251,0.0004,0.327824,0.673228
251,0.0005,0.323983,0.672047
251,0.0006,0.319685,0.668637
251,0.0007,0.315043,0.660922
251,0.0008,0.310115,0.658313
251,0.0009,0.305020,0.648703
251,0.0010,0.299784,0.640430
251,0.0011,0.294485,0.632662
251,0.0012,0.289134,0.625414
251,0.0013,0.283778,0.615752
251,0.0014,0.278444,0.607708
251,0.0015,0.273155,0.601702
251,0.0016,0.267927,0.590071
251,0.0017,0.262773,0.585502
251,0.0018,0.257706,0.576734
251,0.0019,0.252733,0.568007
251,0.0020,0.247860,0.559340
251,0.0021,0.243094,0.548250
251,0.0022,0.238435,0.539833
251,0.0023,0.233715,0.531456
251,0.0024,0.229262,0.525562
251,0.0025,0.224918,0.514748
251,0.0026,0.220686,0.506867
251,0.0027,0.216562,0.498989
251,0.0028,0.212547,0.493441
251,0.0029,0.208642,0.483704
251,0.0030,0.204838,0.476220
251,0.0031,0.201137,0.470786
251,0.0032,0.197537,0.463496
251,0.0033,0.194036,0.456401
251,0.0034,0.190630,0.447006
251,0.0035,0.187317,0.440277
251,0.0036,0.184095,0.433462
251,0.0037,0.180961,0.426875
251,0.0038,0.177917,0.420410
251,0.0039,0.174952,0.414064
251,0.0040,0.172068,0.407828
251,0.0041,0.169262,0.401779
251,0.0042,0.166532,0.395881
251,0.0043,0.163875,0.389993
251,0.0044,0.161289,0.384218
251,0.0045,0.158772,0.378530
251,0.0046,0.156321,0.372980
251,0.0047,0.153935,0.367471
251,0.0048,0.151616,0.362130
251,0.0049,0.149353,0.356901
251,0.0050,0.147148,0.351765
251,0.0051,0.144841,0.346723
251,0.0052,0.142741,0.341794
251,0.0053,0.140695,0.336939
251,0.0054,0.138700,0.332104
251,0.0055,0.136756,0.327388
251,0.0056,0.134859,0.322823
251,0.0057,0.133008,0.318346
251,0.0058,0.131203,0.313956
251,0.0059,0.129441,0.309608
251,0.0060,0.127721,0.305387
251,0.0070,0.112570,0.267478
251,0.0080,0.100429,0.236207
251,0.0090,0.090542,0.210309
251,0.0100,0.082355,0.188801
251,0.0200,0.042643,0.088636
251,0.0300,0.028640,0.056707
251,0.0400,0.021540,0.041530
251,0.0500,0.017256,0.032719
260,0.0000,0.718304,0.924182
260,0.0001,0.716913,0.952378
260,0.0002,0.712841,0.975105
260,0.0003,0.706436,0.991882
260,0.0004,0.698069,1.002893
260,0.0005,0.688096,1.008317
260,0.0006,0.676856,1.008789
260,0.0007,0.664652,1.005922
260,0.0008,0.651740,0.999779
260,0.0009,0.638339,0.991012
260,0.0010,0.624634,0.980188
260,0.0011,0.610776,0.967781
260,0.0012,0.596888,0.954179
260,0.0013,0.583069,0.939689
260,0.0014,0.569398,0.924578
260,0.0015,0.555935,0.909051
260,0.0016,0.542493,0.893268
260,0.0017,0.529537,0.877357
260,0.0018,0.516897,0.861422
260,0.0019,0.504581,0.845545
260,0.0020,0.492610,0.830676
260,0.0021,0.480991,0.815060
260,0.0022,0.469726,0.799655
260,0.0023,0.458812,0.784495
260,0.0024,0.448248,0.769747
260,0.0025,0.438038,0.755133
260,0.0026,0.428157,0.740038
260,0.0027,0.418606,0.726054
260,0.0028,0.409376,0.712380
260,0.0029,0.400458,0.699018
260,0.0030,0.391843,0.686347
260,0.0031,0.383520,0.673642
260,0.0032,0.375572,0.661249
260,0.0033,0.367807,0.649163
260,0.0034,0.360303,0.637381
260,0.0035,0.353052,0.625899
260,0.0036,0.346026,0.614708
260,0.0037,0.338985,0.603800
260,0.0038,0.332423,0.593173
260,0.0039,0.326070,0.582824
260,0.0040,0.319926,0.572744
260,0.0041,0.313984,0.562927
260,0.0042,0.308228,0.553363
260,0.0043,0.302654,0.544052
260,0.0044,0.297256,0.534984
260,0.0045,0.292027,0.526152
260,0.0046,0.286959,0.517550
260,0.0047,0.282047,0.509170
260,0.0048,0.277284,0.501008
260,0.0049,0.272665,0.493056
260,0.0050,0.268183,0.485308
260,0.0051,0.263833,0.477758
260,0.0052,0.259610,0.470400
260,0.0053,0.255509,0.463227
260,0.0054,0.251526,0.456065
260,0.0055,0.247661,0.449257
260,0.0056,0.243899,0.442619
260,0.0057,0.240242,0.436145
260,0.0058,0.236685,0.429831
260,0.0059,0.233224,0.423663
260,0.0060,0.229857,0.417654
260,0.0070,0.200616,0.364868
260,0.0080,0.177713,0.322917
260,0.0090,0.159180,0.289007
260,0.0100,0.144163,0.261166
260,0.0200,0.073608,0.130692
260,0.0300,0.049279,0.086547
260,0.0400,0.036977,0.064612
260,0.0500,0.029600,0.051526
280,0.0000,0.823679,0.537310
280,0.0001,0.821039,0.528537
280,0.0002,0.813666,0.518920
280,0.0003,0.802535,0.508450
280,0.0004,0.788563,0.497760
280,0.0005,0.772540,0.486938
280,0.0006,0.755130,0.475935
280,0.0007,0.736827,0.465145
280,0.0008,0.718042,0.454359
280,0.0009,0.699082,0.443627
280,0.0010,0.680177,0.433281
280,0.0011,0.661497,0.423085
280,0.0012,0.643167,0.412802
280,0.0013,0.624946,0.403368
280,0.0014,0.607494,0.393984
280,0.0015,0.590573,0.384955
280,0.0016,0.574209,0.376441
280,0.0017,0.558412,0.367244
280,0.0018,0.543194,0.359523
280,0.0019,0.528536,0.351568
280,0.0020,0.514448,0.343864
280,0.0021,0.500895,0.336587
280,0.0022,0.487871,0.329327
280,0.0023,0.475362,0.322399
280,0.0024,0.463348,0.315723
280,0.0025,0.451809,0.309294
280,0.0026,0.440727,0.303077
280,0.0027,0.430086,0.297045
280,0.0028,0.419862,0.291205
280,0.0029,0.410038,0.285606
280,0.0030,0.400233,0.280175
280,0.0031,0.391130,0.274923
280,0.0032,0.382477,0.269827
280,0.0033,0.374056,0.264899
280,0.0034,0.365952,0.260133
280,0.0035,0.358142,0.255508
280,0.0036,0.350627,0.251100
280,0.0037,0.343385,0.246798
280,0.0038,0.336405,0.242538
280,0.0039,0.329674,0.238456
280,0.0040,0.323181,0.234510
280,0.0041,0.316914,0.230690
280,0.0042,0.310864,0.227499
280,0.0043,0.305020,0.223898
280,0.0044,0.299382,0.220403
280,0.0045,0.293923,0.217007
280,0.0046,0.288645,0.213741
280,0.0047,0.283538,0.210504
280,0.0048,0.278596,0.207393
280,0.0049,0.273811,0.204361
280,0.0050,0.269176,0.201408
280,0.0051,0.264685,0.198526
280,0.0052,0.260332,0.195730
280,0.0053,0.256111,0.193012
280,0.0054,0.252026,0.190363
280,0.0055,0.248053,0.187777
280,0.0056,0.244196,0.185262
280,0.0057,0.240451,0.182812
280,0.0058,0.236813,0.180422
280,0.0059,0.233277,0.178303
280,0.0060,0.229840,0.176020
280,0.0070,0.199878,0.155922
280,0.0080,0.176741,0.139829
280,0.0090,0.158281,0.126717
280,0.0100,0.143239,0.115634
280,0.0200,0.072999,0.061664
280,0.0300,0.048801,0.041975
280,0.0400,0.036654,0.031799
280,0.0500,0.029346,0.025591
300,0.0000,0.635812,0.568506
300,0.0001,0.634722,0.564624
300,0.0002,0.631563,0.559363
300,0.0003,0.626601,0.552949
300,0.0004,0.620113,0.545689
300,0.0005,0.612367,0.537621
300,0.0006,0.603616,0.528995
300,0.0007,0.594080,0.519959
300,0.0008,0.583955,0.510640
300,0.0009,0.573406,0.501165
300,0.0010,0.562572,0.491569
300,0.0011,0.551568,0.481948
300,0.0012,0.540280,0.472361
300,0.0013,0.529185,0.463100
300,0.0014,0.518153,0.453693
300,0.0015,0.507233,0.444434
300,0.0016,0.496462,0.435346
300,0.0017,0.485878,0.426446
300,0.0018,0.475498,0.417743
300,0.0019,0.465342,0.409050
300,0.0020,0.455422,0.400671
300,0.0021,0.445758,0.392643
300,0.0022,0.436334,0.384950
300,0.0023,0.427163,0.376951
300,0.0024,0.418246,0.368642
300,0.0025,0.409582,0.361440
300,0.0026,0.401168,0.354436
300,0.0027,0.393104,0.347607
300,0.0028,0.385182,0.340992
300,0.0029,0.377501,0.334574
300,0.0030,0.370047,0.328884
300,0.0031,0.362824,0.322789
300,0.0032,0.355814,0.316331
300,0.0033,0.349018,0.310594
300,0.0034,0.342431,0.304833
300,0.0035,0.336042,0.299668
300,0.0036,0.329587,0.294418
300,0.0037,0.323562,0.289332
300,0.0038,0.317718,0.284371
300,0.0039,0.312049,0.279583
300,0.0040,0.306547,0.274919
300,0.0041,0.301208,0.270404
300,0.0042,0.296026,0.265985
300,0.0043,0.290995,0.261886
300,0.0044,0.286110,0.257655
300,0.0045,0.281366,0.253778
300,0.0046,0.276757,0.249671
300,0.0047,0.272279,0.245843
300,0.0048,0.267928,0.242078
300,0.0049,0.263698,0.238455
300,0.0050,0.259585,0.234935
300,0.0051,0.255585,0.231456
300,0.0052,0.251694,0.228121
300,0.0053,0.247914,0.224725
300,0.0054,0.244230,0.221716
300,0.0055,0.240644,0.218632
300,0.0056,0.237152,0.215565
300,0.0057,0.233752,0.212517
300,0.0058,0.230439,0.209706
300,0.0059,0.227211,0.206918
300,0.0060,0.224066,0.204170
300,0.0070,0.196550,0.179983
300,0.0080,0.174754,0.160606
300,0.0090,0.156941,0.144871
300,0.0100,0.142429,0.131889
300,0.0200,0.073283,0.068747
300,0.0300,0.049101,0.046339
300,0.0400,0.036903,0.034921
300,0.0500,0.029551,0.028009
350,0.0000,0.307149,0.166367
350,0.0001,0.306888,0.167673
350,0.0002,0.306133,0.168288
350,0.0003,0.304928,0.169231
350,0.0004,0.303320,0.170479
350,0.0005,0.301358,0.171331
350,0.0006,0.299081,0.171560
350,0.0007,0.296535,0.171763
350,0.0008,0.293758,0.171922
350,0.0009,0.290787,0.172317
350,0.0010,0.287655,0.172300
350,0.0011,0.284390,0.172233
350,0.0012,0.281018,0.172014
350,0.0013,0.277564,0.171977
350,0.0014,0.274046,0.171440
350,0.0015,0.270483,0.171032
350,0.0016,0.266890,0.170524
350,0.0017,0.263282,0.170038
350,0.0018,0.259669,0.169408
350,0.0019,0.256061,0.168712
350,0.0020,0.252469,0.167971
350,0.0021,0.248898,0.166972
350,0.0022,0.245370,0.166132
350,0.0023,0.241863,0.165275
350,0.0024,0.238395,0.164572
350,0.0025,0.234969,0.163407
350,0.0026,0.231588,0.162647
350,0.0027,0.228258,0.161416
350,0.0028,0.224976,0.160390
350,0.0029,0.221746,0.159340
350,0.0030,0.218570,0.158282
350,0.0031,0.215448,0.157208
350,0.0032,0.212381,0.156121
350,0.0033,0.209378,0.155024
350,0.0034,0.206422,0.153921
350,0.0035,0.203394,0.152820
350,0.0036,0.200539,0.151714
350,0.0037,0.197740,0.150579
350,0.0038,0.194995,0.149462
350,0.0039,0.192303,0.148350
350,0.0040,0.189666,0.147236
350,0.0041,0.187080,0.146126
350,0.0042,0.184547,0.144995
350,0.0043,0.182065,0.143892
350,0.0044,0.179633,0.142789
350,0.0045,0.177251,0.141693
350,0.0046,0.174917,0.140609
350,0.0047,0.172630,0.139531
350,0.0048,0.170391,0.138458
350,0.0049,0.168197,0.137383
350,0.0050,0.166048,0.136329
350,0.0051,0.163943,0.135279
350,0.0052,0.161881,0.134229
350,0.0053,0.159861,0.133193
350,0.0054,0.157882,0.132167
350,0.0055,0.155943,0.131245
350,0.0056,0.154048,0.130233
350,0.0057,0.152187,0.129233
350,0.0058,0.150363,0.128243
350,0.0059,0.148576,0.127262
350,0.0060,0.146825,0.126294
350,0.0070,0.131099,0.117148
350,0.0080,0.117992,0.108983
350,0.0090,0.107156,0.101663
350,0.0100,0.098007,0.095350
350,0.0200,0.051931,0.056928
350,0.0300,0.035002,0.040200
350,0.0400,0.026368,0.031087
350,0.0500,0.021139,0.025315
400,0.0000,0.124194,0.060827
400,0.0001,0.124165,0.060978
400,0.0002,0.124059,0.061139
400,0.0003,0.123881,0.061272
400,0.0004,0.123636,0.061549
400,0.0005,0.123370,0.061487
400,0.0006,0.123004,0.061643
400,0.0007,0.122584,0.061678
400,0.0008,0.122115,0.061862
400,0.0009,0.121601,0.061723
400,0.0010,0.121047,0.061728
400,0.0011,0.120455,0.061764
400,0.0012,0.119830,0.061755
400,0.0013,0.119175,0.061733
400,0.0014,0.118492,0.061835
400,0.0015,0.117785,0.061611
400,0.0016,0.117056,0.061588
400,0.0017,0.116308,0.061484
400,0.0018,0.115543,0.061566
400,0.0019,0.114710,0.061299
400,0.0020,0.113917,0.061185
400,0.0021,0.113113,0.061051
400,0.0022,0.112299,0.060921
400,0.0023,0.111477,0.060783
400,0.0024,0.110672,0.060637
400,0.0025,0.109815,0.060498
400,0.0026,0.109005,0.060340
400,0.0027,0.108167,0.060167
400,0.0028,0.107327,0.059993
400,0.0029,0.106487,0.059811
400,0.0030,0.105646,0.059624
400,0.0031,0.104807,0.059432
400,0.0032,0.103969,0.059233
400,0.0033,0.103133,0.059031
400,0.0034,0.102300,0.058825
400,0.0035,0.101471,0.058621
400,0.0036,0.100646,0.058474
400,0.0037,0.099771,0.058261
400,0.0038,0.098951,0.058043
400,0.0039,0.098136,0.057817
400,0.0040,0.097327,0.057594
400,0.0041,0.096523,0.057368
400,0.0042,0.095725,0.057141
400,0.0043,0.094933,0.056912
400,0.0044,0.094147,0.056680
400,0.0045,0.093368,0.056445
400,0.0046,0.092596,0.056214
400,0.0047,0.091830,0.055978
400,0.0048,0.091071,0.055741
400,0.0049,0.090320,0.055504
400,0.0050,0.089575,0.055270
400,0.0051,0.088838,0.055030
400,0.0052,0.088108,0.054829
400,0.0053,0.087385,0.054587
400,0.0054,0.086670,0.054271
400,0.0055,0.085962,0.054029
400,0.0056,0.085261,0.053787
400,0.0057,0.084568,0.053544
400,0.0058,0.083883,0.053301
400,0.0059,0.083204,0.053059
400,0.0060,0.082534,0.052818
400,0.0070,0.076226,0.050432
400,0.0080,0.070612,0.048143
400,0.0090,0.065555,0.045959
400,0.0100,0.061107,0.043914
400,0.0200,0.035215,0.029538
400,0.0300,0.024301,0.021940
400,0.0400,0.018468,0.017380
400,0.0500,0.014869,0.014352
450,0.0000,0.06763,0.04749
450,0.0001,0.06763,0.04749
450,0.0002,0.06763,0.04749
450,0.0003,0.06763,0.04749
450,0.0004,0.06763,0.04749
450,0.0005,0.06763,0.04749
450,0.0006,0.06763,0.04749
450,0.0007,0.06763,0.04749
450,0.0008,0.06763,0.04749
450,0.0009,0.06763,0.04749
450,0.0010,0.06763,0.04749
450,0.0011,0.06763,0.04749
450,0.0012,0.06763,0.04749
450,0.0013,0.06763,0.04749
450,0.0014,0.06763,0.04749
450,0.0015,0.06763,0.04749
450,0.0016,0.06763,0.04749
450,0.0017,0.06763,0.04749
450,0.0018,0.06763,0.04749
450,0.0019,0.06763,0.04749
450,0.0020,0.06763,0.04749
450,0.0021,0.06763,0.04749
450,0.0022,0.06763,0.04749
450,0.0023,0.06763,0.04749
450,0.0024,0.06763,0.04749
450,0.0025,0.06763,0.04749
450,0.0026,0.06763,0.04749
450,0.0027,0.06763,0.04749
450,0.0028,0.06763,0.04749
450,0.0029,0.06763,0.04749
450,0.0030,0.06763,0.04749
450,0.0031,0.06763,0.04749
450,0.0032,0.06763,0.04749
450,0.0033,0.06763,0.04749
450,0.0034,0.06763,0.04749
450,0.0035,0.06763,0.04749
450,0.0036,0.06763,0.04749
450,0.0037,0.06763,0.04749
450,0.0038,0.06763,0.04749
450,0.0039,0.06763,0.04749
450,0.0040,0.06763,0.04749
450,0.0041,0.06763,0.04749
450,0.0042,0.06763,0.04749
450,0.0043,0.06763,0.04749
450,0.0044,0.06763,0.04749
450,0.0045,0.06763,0.04749
450,0.0046,0.06763,0.04749
450,0.0047,0.06763,0.04749
450,0.0048,0.06763,0.04749
450,0.0049,0.06763,0.04749
450,0.0050,0.06763,0.04749
450,0.0051,0.06763,0.04749
450,0.0052,0.06763,0.04749
450,0.0053,0.06763,0.04749
450,0.0054,0.06763,0.04749
450,0.0055,0.06763,0.04749
450,0.0056,0.06763,0.04749
450,0.0057,0.06763,0.04749
450,0.0058,0.06763,0.04749
450,0.0059,0.06763,0.04749
450,0.0060,0.06763,0.04749
450,0.0070,0.06763,0.04749
450,0.0080,0.06763,0.04749
450,0.0090,0.06763,0.04749
450,0.0100,0.06763,0.04749
450,0.0200,0.06763,0.04749
450,0.0300,0.06763,0.04749
450,0.0400,0.06763,0.04749
450,0.0500,0.06763,0.04749
500,0.0000,0.038360,0.039736
500,0.0001,0.038359,0.039824
500,0.0002,0.038352,0.039951
500,0.0003,0.038339,0.040070
500,0.0004,0.038322,0.040183
500,0.0005,0.038299,0.040289
500,0.0006,0.038271,0.040389
500,0.0007,0.038238,0.040481
500,0.0008,0.038200,0.040568
500,0.0009,0.038158,0.040648
500,0.0010,0.038112,0.040722
500,0.0011,0.038062,0.040790
500,0.0012,0.038008,0.040896
500,0.0013,0.037950,0.040952
500,0.0014,0.037888,0.041001
500,0.0015,0.037824,0.041117
500,0.0016,0.037753,0.041161
500,0.0017,0.037681,0.041190
500,0.0018,0.037607,0.041134
500,0.0019,0.037530,0.041150
500,0.0020,0.037450,0.041161
500,0.0021,0.037368,0.041168
500,0.0022,0.037283,0.041171
500,0.0023,0.037196,0.041169
500,0.0024,0.037107,0.041163
500,0.0025,0.037016,0.041254
500,0.0026,0.036922,0.041240
500,0.0027,0.036827,0.041222
500,0.0028,0.036730,0.041200
500,0.0029,0.036631,0.041174
500,0.0030,0.036530,0.041145
500,0.0031,0.036429,0.041112
500,0.0032,0.036325,0.041076
500,0.0033,0.036220,0.041032
500,0.0034,0.036114,0.040992
500,0.0035,0.036007,0.040948
500,0.0036,0.035899,0.040911
500,0.0037,0.035790,0.040860
500,0.0038,0.035679,0.040806
500,0.0039,0.035568,0.040741
500,0.0040,0.035456,0.040682
500,0.0041,0.035343,0.040528
500,0.0042,0.035229,0.040563
500,0.0043,0.035115,0.040494
500,0.0044,0.035000,0.040425
500,0.0045,0.034884,0.040376
500,0.0046,0.034768,0.040303
500,0.0047,0.034652,0.040229
500,0.0048,0.034535,0.040089
500,0.0049,0.034417,0.040010
500,0.0050,0.034299,0.039930
500,0.0051,0.034181,0.039849
500,0.0052,0.034063,0.039703
500,0.0053,0.033944,0.039619
500,0.0054,0.033826,0.039577
500,0.0055,0.033707,0.039492
500,0.0056,0.033588,0.039405
500,0.0057,0.033468,0.039316
500,0.0058,0.033349,0.039226
500,0.0059,0.033230,0.039135
500,0.0060,0.033110,0.039065
500,0.0070,0.031923,0.038106
500,0.0080,0.030753,0.037085
500,0.0090,0.029617,0.036037
500,0.0100,0.028523,0.034984
500,0.0200,0.020040,0.025887
500,0.0300,0.014995,0.019867
500,0.0400,0.011850,0.015895
500,0.0500,0.009746,0.013146
600,0.0000,0.022181,0.014019
600,0.0001,0.022181,0.013997
600,0.0002,0.022177,0.013974
600,0.0003,0.022170,0.013951
600,0.0004,0.022159,0.013927
600,0.0005,0.022145,0.013903
600,0.0006,0.022128,0.013878
600,0.0007,0.022109,0.013851
600,0.0008,0.022086,0.013826
600,0.0009,0.022061,0.013800
600,0.0010,0.022034,0.013773
600,0.0011,0.022004,0.013747
600,0.0012,0.021972,0.013719
600,0.0013,0.021937,0.013692
600,0.0014,0.021902,0.013664
600,0.0015,0.021865,0.013636
600,0.0016,0.021824,0.013607
600,0.0017,0.021784,0.013579
600,0.0018,0.021740,0.013550
600,0.0019,0.021696,0.013521
600,0.0020,0.021650,0.013491
600,0.0021,0.021603,0.013461
600,0.0022,0.021554,0.013431
600,0.0023,0.021505,0.013401
600,0.0024,0.021455,0.013372
600,0.0025,0.021403,0.013340
600,0.0026,0.021351,0.013309
600,0.0027,0.021297,0.013280
600,0.0028,0.021241,0.013248
600,0.0029,0.021186,0.013210
600,0.0030,0.021130,0.013178
600,0.0031,0.021073,0.013147
600,0.0032,0.021015,0.013115
600,0.0033,0.020957,0.013082
600,0.0034,0.020898,0.013050
600,0.0035,0.020838,0.013018
600,0.0036,0.020778,0.012985
600,0.0037,0.020718,0.012953
600,0.0038,0.020657,0.012921
600,0.0039,0.020596,0.012890
600,0.0040,0.020534,0.012857
600,0.0041,0.020472,0.012823
600,0.0042,0.020409,0.012790
600,0.0043,0.020346,0.012757
600,0.0044,0.020283,0.012725
600,0.0045,0.020220,0.012692
600,0.0046,0.020156,0.012659
600,0.0047,0.020092,0.012626
600,0.0048,0.020028,0.012598
600,0.0049,0.019964,0.012565
600,0.0050,0.019900,0.012532
600,0.0051,0.019835,0.012498
600,0.0052,0.019771,0.012464
600,0.0053,0.019706,0.012431
600,0.0054,0.019641,0.012397
600,0.0055,0.019577,0.012365
600,0.0056,0.019512,0.012332
600,0.0057,0.019447,0.012298
600,0.0058,0.019382,0.012266
600,0.0059,0.019317,0.012241
600,0.0060,0.019252,0.012201
600,0.0070,0.018607,0.011872
600,0.0080,0.017972,0.011552
600,0.0090,0.017342,0.011240
600,0.0100,0.016743,0.010928
600,0.0200,0.012035,0.008394
600,0.0300,0.009119,0.006696
600,0.0400,0.007261,0.005552
600,0.0500,0.005988,0.004716
700,0.0000,0.014509,0.017229
700,0.0001,0.014509,0.017173
700,0.0002,0.014508,0.017117
700,0.0003,0.014506,0.017061
700,0.0004,0.014503,0.017005
700,0.0005,0.014500,0.016950
700,0.0006,0.014495,0.016893
700,0.0007,0.014489,0.016836
700,0.0008,0.014483,0.016795
700,0.0009,0.014476,0.016750
700,0.0010,0.014468,0.016695
700,0.0011,0.014459,0.016639
700,0.0012,0.014450,0.016584
700,0.0013,0.014439,0.016543
700,0.0014,0.014428,0.016488
700,0.0015,0.014417,0.016432
700,0.0016,0.014405,0.016376
700,0.0017,0.014392,0.016320
700,0.0018,0.014378,0.016265
700,0.0019,0.014364,0.016209
700,0.0020,0.014349,0.016154
700,0.0021,0.014334,0.016098
700,0.0022,0.014318,0.016045
700,0.0023,0.014301,0.015990
700,0.0024,0.014284,0.015935
700,0.0025,0.014267,0.015880
700,0.0026,0.014249,0.015822
700,0.0027,0.014230,0.015767
700,0.0028,0.014211,0.015713
700,0.0029,0.014192,0.015658
700,0.0030,0.014172,0.015603
700,0.0031,0.014152,0.015549
700,0.0032,0.014131,0.015494
700,0.0033,0.014110,0.015440
700,0.0034,0.014089,0.015385
700,0.0035,0.014067,0.015331
700,0.0036,0.014045,0.015278
700,0.0037,0.014023,0.015210
700,0.0038,0.014000,0.015135
700,0.0039,0.013977,0.015080
700,0.0040,0.013953,0.015011
700,0.0041,0.013930,0.014956
700,0.0042,0.013906,0.014901
700,0.0043,0.013882,0.014845
700,0.0044,0.013857,0.014790
700,0.0045,0.013832,0.014735
700,0.0046,0.013807,0.014680
700,0.0047,0.013782,0.014626
700,0.0048,0.013757,0.014571
700,0.0049,0.013731,0.014517
700,0.0050,0.013706,0.014462
700,0.0051,0.013680,0.014408
700,0.0052,0.013653,0.014354
700,0.0053,0.013627,0.014300
700,0.0054,0.013600,0.014246
700,0.0055,0.013574,0.014192
700,0.0056,0.013547,0.014138
700,0.0057,0.013520,0.014085
700,0.0058,0.013493,0.014031
700,0.0059,0.013465,0.013978
700,0.0060,0.013438,0.013924
700,0.0070,0.013158,0.013460
700,0.0080,0.012871,0.012960
700,0.0090,0.012581,0.012451
700,0.0100,0.012291,0.011982
700,0.0200,0.009666,0.008447
700,0.0300,0.007743,0.006309
700,0.0400,0.006362,0.004922
700,0.0500,0.005363,0.004007
800,0.0000,0.010697,0.014804
800,0.0001,0.010697,0.014787
800,0.0002,0.010697,0.014770
800,0.0003,0.010696,0.014752
800,0.0004,0.010695,0.014735
800,0.0005,0.010693,0.014718
800,0.0006,0.010690,0.014701
800,0.0007,0.010687,0.014683
800,0.0008,0.010683,0.014666
800,0.0009,0.010679,0.014649
800,0.0010,0.010675,0.014633
800,0.0011,0.010669,0.014616
800,0.0012,0.010664,0.014599
800,0.0013,0.010658,0.014582
800,0.0014,0.010652,0.014589
800,0.0015,0.010645,0.014573
800,0.0016,0.010637,0.014557
800,0.0017,0.010630,0.014541
800,0.0018,0.010622,0.014526
800,0.0019,0.010614,0.014510
800,0.0020,0.010605,0.014489
800,0.0021,0.010596,0.014473
800,0.0022,0.010587,0.014458
800,0.0023,0.010577,0.014444
800,0.0024,0.010567,0.014430
800,0.0025,0.010557,0.014416
800,0.0026,0.010546,0.014402
800,0.0027,0.010535,0.014388
800,0.0028,0.010524,0.014374
800,0.0029,0.010513,0.014360
800,0.0030,0.010501,0.014347
800,0.0031,0.010489,0.014333
800,0.0032,0.010477,0.014320
800,0.0033,0.010464,0.014306
800,0.0034,0.010452,0.014293
800,0.0035,0.010439,0.014280
800,0.0036,0.010426,0.014267
800,0.0037,0.010412,0.014254
800,0.0038,0.010399,0.014241
800,0.0039,0.010385,0.014221
800,0.0040,0.010371,0.014208
800,0.0041,0.010357,0.014195
800,0.0042,0.010343,0.014182
800,0.0043,0.010328,0.014170
800,0.0044,0.010314,0.014157
800,0.0045,0.010299,0.014144
800,0.0046,0.010284,0.014131
800,0.0047,0.010269,0.014118
800,0.0048,0.010254,0.014105
800,0.0049,0.010239,0.014092
800,0.0050,0.010223,0.014079
800,0.0051,0.010207,0.014066
800,0.0052,0.010192,0.014052
800,0.0053,0.010176,0.014039
800,0.0054,0.010160,0.014026
800,0.0055,0.010144,0.014013
800,0.0056,0.010128,0.013998
800,0.0057,0.010111,0.013985
800,0.0058,0.010095,0.013971
800,0.0059,0.010078,0.013959
800,0.0060,0.010062,0.013945
800,0.0070,0.009891,0.013801
800,0.0080,0.009715,0.013644
800,0.0090,0.009535,0.013476
800,0.0100,0.009354,0.013297
800,0.0200,0.007635,0.011275
800,0.0300,0.006280,0.009385
800,0.0400,0.005254,0.007784
800,0.0500,0.004484,0.006496
900,0.0000,0.008328,0.015337
900,0.0001,0.008328,0.015432
900,0.0002,0.008327,0.015522
900,0.0003,0.008326,0.015608
900,0.0004,0.008324,0.015689
900,0.0005,0.008321,0.015764
900,0.0006,0.008318,0.015838
900,0.0007,0.008315,0.015903
900,0.0008,0.008310,0.015963
900,0.0009,0.008306,0.016018
900,0.0010,0.008300,0.016068
900,0.0011,0.008295,0.016114
900,0.0012,0.008288,0.016156
900,0.0013,0.008282,0.016193
900,0.0014,0.008275,0.016227
900,0.0015,0.008267,0.016256
900,0.0016,0.008260,0.016282
900,0.0017,0.008251,0.016303
900,0.0018,0.008243,0.016322
900,0.0019,0.008234,0.016339
900,0.0020,0.008225,0.016353
900,0.0021,0.008215,0.016352
900,0.0022,0.008205,0.016361
900,0.0023,0.008195,0.016368
900,0.0024,0.008185,0.016373
900,0.0025,0.008174,0.016376
900,0.0026,0.008163,0.016377
900,0.0027,0.008152,0.016377
900,0.0028,0.008140,0.016375
900,0.0029,0.008129,0.016372
900,0.0030,0.008117,0.016367
900,0.0031,0.008105,0.016361
900,0.0032,0.008092,0.016354
900,0.0033,0.008080,0.016358
900,0.0034,0.008067,0.016349
900,0.0035,0.008054,0.016339
900,0.0036,0.008041,0.016327
900,0.0037,0.008028,0.016315
900,0.0038,0.008015,0.016302
900,0.0039,0.008001,0.016288
900,0.0040,0.007988,0.016274
900,0.0041,0.007974,0.016259
900,0.0042,0.007960,0.016243
900,0.0043,0.007946,0.016227
900,0.0044,0.007932,0.016210
900,0.0045,0.007918,0.016193
900,0.0046,0.007904,0.016175
900,0.0047,0.007889,0.016157
900,0.0048,0.007875,0.016138
900,0.0049,0.007860,0.016119
900,0.0050,0.007845,0.016099
900,0.0051,0.007831,0.016080
900,0.0052,0.007816,0.016060
900,0.0053,0.007801,0.016039
900,0.0054,0.007786,0.016018
900,0.0055,0.007771,0.015997
900,0.0056,0.007755,0.015976
900,0.0057,0.007740,0.015955
900,0.0058,0.007725,0.015933
900,0.0059,0.007710,0.015911
900,0.0060,0.007694,0.015889
900,0.0070,0.007538,0.015659
900,0.0080,0.007380,0.015418
900,0.0090,0.007221,0.015173
900,0.0100,0.007058,0.014925
900,0.0200,0.005631,0.012596
900,0.0300,0.004559,0.010642
900,0.0400,0.003782,0.009016
900,0.0500,0.003202,0.007674
1000,0.0000,0.006570,0.010406
1000,0.0001,0.006570,0.010409
1000,0.0002,0.006569,0.010411
1000,0.0003,0.006569,0.010413
1000,0.0004,0.006568,0.010414
1000,0.0005,0.006567,0.010415
1000,0.0006,0.006566,0.010415
1000,0.0007,0.006565,0.010415
1000,0.0008,0.006563,0.010414
1000,0.0009,0.006561,0.010413
1000,0.0010,0.006559,0.010411
1000,0.0011,0.006557,0.010409
1000,0.0012,0.006555,0.010407
1000,0.0013,0.006552,0.010404
1000,0.0014,0.006549,0.010401
1000,0.0015,0.006546,0.010397
1000,0.0016,0.006543,0.010393
1000,0.0017,0.006540,0.010388
1000,0.0018,0.006536,0.010383
1000,0.0019,0.006532,0.010378
1000,0.0020,0.006529,0.010372
1000,0.0021,0.006525,0.010366
1000,0.0022,0.006520,0.010360
1000,0.0023,0.006516,0.010353
1000,0.0024,0.006512,0.010346
1000,0.0025,0.006507,0.010339
1000,0.0026,0.006502,0.010331
1000,0.0027,0.006498,0.010323
1000,0.0028,0.006493,0.010315
1000,0.0029,0.006487,0.010306
1000,0.0030,0.006482,0.010298
1000,0.0031,0.006477,0.010289
1000,0.0032,0.006471,0.010279
1000,0.0033,0.006466,0.010270
1000,0.0034,0.006460,0.010260
1000,0.0035,0.006454,0.010250
1000,0.0036,0.006448,0.010240
1000,0.0037,0.006442,0.010230
1000,0.0038,0.006436,0.010219
1000,0.0039,0.006430,0.010208
1000,0.0040,0.006424,0.010197
1000,0.0041,0.006417,0.010186
1000,0.0042,0.006411,0.010175
1000,0.0043,0.006404,0.010180
1000,0.0044,0.006398,0.010169
1000,0.0045,0.006391,0.010157
1000,0.0046,0.006384,0.010145
1000,0.0047,0.006377,0.010133
1000,0.0048,0.006370,0.010121
1000,0.0049,0.006363,0.010108
1000,0.0050,0.006356,0.010096
1000,0.0051,0.006349,0.010083
1000,0.0052,0.006342,0.010070
1000,0.0053,0.006335,0.010057
1000,0.0054,0.006327,0.010044
1000,0.0055,0.006320,0.010031
1000,0.0056,0.006312,0.010018
1000,0.0057,0.006305,0.010004
1000,0.0058,0.006297,0.009971
1000,0.0059,0.006290,0.009957
1000,0.0060,0.006282,0.009944
1000,0.0070,0.006202,0.009804
1000,0.0080,0.006119,0.009654
1000,0.0090,0.006033,0.009494
1000,0.0100,0.005945,0.009343
1000,0.0200,0.005062,0.007875
1000,0.0300,0.004306,0.006587
1000,0.0400,0.003694,0.005519
1000,0.0500,0.003210,0.004666