5.1579757516103315e-09 -4.812582699810837e-09 3.442017451718161e-10 4.630832910268158e-10 8.435060567319173e-10 -5.119193755337893e-09 -2.9392286251498814e-09 1.0168188498388175e-09 -1.957269458013386e-09 -6.627349219440973e-09 -2.6377861328627213e-09 -1.2251911532394733e-08 2.4045861054713916e-10 2.2196402507438948e-09 1.5288392154890372e-09 1.0545113716668618e-08 8.96115933221049e-09 2.803124099891502e-09 -1.8510137636600804e-09 -2.0215542331033827e-08 6.508113954678544e-09 1.8086843118632803e-09 9.398552606132566e-09
-4.812582699810647e-09 1.2481609333909695e-07 -3.892754439253971e-10 8.932903230262733e-10 -1.4693838183586122e-08 -9.68905553470296e-08 2.905881888800597e-09 2.917020725071549e-08 3.833957648630339e-08 1.373948853105229e-07 -2.1793928266598855e-09 -2.3954979670758994e-08 1.7101618102317117e-09 1.1571505563865391e-08 2.5037326079112208e-08 -1.8486135906889428e-08 -3.2616194601520588e-09 -4.130258460188011e-09 -4.026811701146859e-09 5.8673891412364075e-08 -4.469932437536387e-08 -1.2579032861320806e-08 -2.7865597071210186e-08
3.4420174517181873e-10 -3.892754439254219e-10 9.968463971097852e-11 -1.4751800192033128e-10 2.834588075611134e-10 -7.523781963098202e-11 -4.1245308999754857e-10 1.8219917364049942e-10 -4.8668076224070225e-11 -2.3639471307017094e-10 -3.030677650753112e-10 -9.879946298997453e-10 1.2791811072916854e-10 2.967755280390409e-10 5.804074879024487e-11 3.7020360306116925e-10 9.698286143403028e-11 5.387655490433803e-10 2.8782510226357547e-10 -7.520286829886525e-10 2.9324993486474125e-10 -3.712213749392906e-11 1.8270774254829236e-10
4.6308329102687767e-10 8.932903230259038e-10 -1.4751800192032852e-10 7.401282333512882e-09 3.003456722904623e-09 -1.6606908165605366e-09 2.381778978031418e-10 1.813415564931336e-09 1.2385675610657665e-08 8.51344126112019e-09 -9.646636172673829e-09 -4.098782904933208e-09 2.123248297401305e-09 1.6339534173029762e-09 1.327715561527173e-08 1.308079205151192e-08 -1.3640150002152188e-08 -2.0211848767894868e-08 -3.319417693699103e-08 -2.374568623804529e-09 2.9101168048367282e-09 4.379673152005913e-09 1.10392061458148e-08
8.435060567319198e-10 -1.4693838183586985e-08 2.8345880756109823e-10 3.0034567229045857e-09 1.1819834196737628e-07 3.892745040431012e-08 -1.2473943394555494e-09 -7.554131738623917e-09 1.0597980798904092e-08 8.056707271569651e-08 -1.2775503692851247e-08 2.9880319499593505e-08 1.2233310480964929e-09 1.503131053147582e-09 3.2514628141745e-08 1.986470881074403e-08 -8.70678969435663e-08 -2.915079241362001e-08 -1.2056947026180881e-07 -3.7631959085318576e-09 8.351216118445262e-09 2.24606594308339e-08 -2.1498198550036298e-08
-5.119193755338103e-09 -9.689055534702956e-08 -7.523781963101135e-11 -1.6606908165607798e-09 3.8927450404309253e-08 1.5647865430250161e-07 2.2052010274679915e-09 -4.20480307175409e-08 -2.5350087759569556e-08 -6.145421452665373e-08 -1.6334531677999654e-10 1.0960882235419826e-07 -1.1729292878759668e-09 -2.781246700896855e-08 -1.5966799365872466e-08 -1.3432272294670598e-08 -1.250228196989239e-07 -1.8751586830281394e-08 -6.279554448052791e-08 9.422162750084867e-09 4.5922029002468636e-08 2.7982666085337473e-08 -1.493094959498589e-08
-2.93922862514989e-09 2.9058818888007674e-09 -4.124530899975477e-10 2.3817789780317425e-10 -1.2473943394555808e-09 2.2052010274678178e-09 2.3554025504180723e-09 -8.174815997676937e-10 1.0449353836356815e-09 3.0083178367419218e-09 1.7118007679719746e-09 7.058473920844019e-09 -4.07152718307785e-10 -1.5185364409140014e-09 -7.468685166193088e-10 -5.156081874627275e-09 -4.218239731830749e-09 -2.8198667438831403e-09 -2.2417546060204703e-10 1.0161593411561966e-08 -3.241506696656389e-09 -4.883496594083848e-10 -3.87950596486707e-09
1.0168188498388787e-09 2.9170207250715336e-08 1.8219917364050726e-10 1.81341556493139e-09 -7.554131738623569e-09 -4.204803071754075e-08 -8.174815997677411e-10 1.658584567746469e-08 1.660017959431213e-08 1.846101352438967e-08 -1.5376544354281102e-09 -4.416283623341819e-08 1.420579128646015e-09 1.2874371996124799e-08 9.773803778924132e-09 5.971995513114295e-09 1.8680611173634947e-08 1.0129214195843215e-10 1.2729344358335012e-08 1.901785470221141e-09 -1.3403555301311325e-08 -1.0190379467505158e-08 5.704965898418458e-09
-1.957269458013244e-09 3.833957648630293e-08 -4.866807622405859e-11 1.2385675610657792e-08 1.0597980798904481e-08 -2.5350087759569255e-08 1.0449353836355905e-09 1.660017959431207e-08 6.620861759863627e-08 6.721365167501625e-08 -1.710137395894412e-08 -2.4917322119644483e-08 5.644555779456413e-09 1.2514366385068043e-08 4.536226247854953e-08 8.702019309323325e-09 -8.64027774116209e-08 -3.617854128323692e-08 -7.268110787016415e-08 3.942058922942089e-08 -1.5584779930150346e-09 -6.84583246682095e-09 2.8836796158437075e-10
-6.627349219440668e-09 1.3739488531052188e-07 -2.36394713070153e-10 8.513441261120758e-09 8.056707271569758e-08 -6.145421452665298e-08 3.0083178367417295e-09 1.8461013524389435e-08 6.721365167501653e-08 3.1797476353478627e-07 -2.4507874550644912e-08 3.7319605957681664e-08 5.0490315161261825e-09 7.999263838166477e-09 7.326871759292352e-08 -1.5116824603119555e-08 -1.1159430776383044e-07 -4.318765795661956e-08 -1.438922701623327e-07 8.931798465565685e-08 -3.384794373088236e-08 1.636292971530615e-08 -6.644434438345388e-08
-2.637786132862953e-09 -2.1793928266582563e-09 -3.030677650753231e-10 -9.646636172673852e-09 -1.2775503692851431e-08 -1.6334531678098862e-10 1.7118007679720997e-09 -1.537654435427851e-09 -1.7101373958943538e-08 -2.4507874550642828e-08 3.843106232849512e-08 1.8575318712058252e-08 -6.983678436865109e-09 -7.935343130909597e-09 -1.7677876502846517e-08 -2.496723383674994e-08 5.544321615280534e-08 3.124318710456928e-08 6.014853689377788e-08 -6.975079482135178e-09 -9.60837376349709e-09 -2.4170383404145267e-08 -2.1290568404241468e-08
-1.2251911532394793e-08 -2.395497967075852e-08 -9.879946298997457e-10 -4.098782904933059e-09 2.9880319499593194e-08 1.0960882235419743e-07 7.058473920844054e-09 -4.416283623341804e-08 -2.491732211964409e-08 3.7319605957682525e-08 1.8575318712057904e-08 3.1584586827487496e-07 -5.844691476172995e-09 -7.79058587000656e-08 -2.1252893173158182e-08 -6.257686400265878e-08 -6.134303898622824e-08 -8.330458095754351e-09 -1.0305013621747488e-07 5.138242776356414e-08 2.4771100039988383e-09 2.350519007621485e-08 -8.957660250399223e-08
2.40458610547198e-10 1.7101618102315099e-09 1.2791811072917177e-10 2.1232482974013405e-09 1.2233310480966093e-09 -1.1729292878758204e-09 -4.0715271830781667e-10 1.420579128645985e-09 5.644555779456366e-09 5.049031516125924e-09 -6.983678436865204e-09 -5.844691476173124e-09 1.846135314749488e-09 2.461528170394256e-09 3.6719801150022476e-09 1.627961294767525e-09 -7.975519184100873e-09 -5.5295409096801355e-09 -6.3532356094191575e-09 5.913777087802519e-09 -1.3809987103462153e-09 1.1343440180686426e-09 9.125359387987716e-10
2.219640250743938e-09 1.1571505563865102e-08 2.9677552803904317e-10 1.6339534173029893e-09 1.5031310531477985e-09 -2.7812467008968257e-08 -1.518536440914028e-09 1.2874371996124733e-08 1.2514366385067962e-08 7.999263838166298e-09 -7.935343130909676e-09 -7.790585870006561e-08 2.4615281703942452e-09 2.3389752010503043e-08 1.240658537973042e-08 1.2291663740830835e-08 -4.00350417612826e-11 -1.0555615697614068e-09 1.39374821390515e-08 -7.622889817831722e-10 -4.4090223363495525e-09 -5.594165425589034e-09 1.3409499717498885e-08
1.5288392154890984e-09 2.5037326079111308e-08 5.804074879024386e-11 1.3277155615271707e-08 3.251462814174513e-08 -1.5966799365871463e-08 -7.468685166193343e-10 9.773803778923867e-09 4.53622624785492e-08 7.326871759292236e-08 -1.7677876502846567e-08 -2.1252893173158112e-08 3.6719801150021806e-09 1.2406585379730316e-08 6.98838358979729e-08 3.1460394842210046e-08 -8.553717947303814e-08 -4.595388458258632e-08 -1.5312869999983262e-07 6.781549377086497e-09 8.681966291152136e-09 1.1765581394055587e-08 2.87061946171032e-08
1.0545113716668613e-08 -1.8486135906890778e-08 3.70203603061154e-10 1.3080792051511367e-08 1.9864708810743428e-08 -1.3432272294669446e-08 -5.156081874627237e-09 5.971995513113887e-09 8.702019309322051e-09 -1.5116824603122583e-08 -2.496723383674816e-08 -6.257686400265815e-08 1.6279612947670936e-09 1.2291663740830413e-08 3.146039484220911e-08 1.0201947054384757e-07 -3.0402984387492373e-08 -3.674573006706763e-08 -9.275777365598555e-08 -1.0316468501238068e-07 4.511555729183423e-08 2.326136212902708e-08 6.565305122810917e-08
8.961159332210535e-09 -3.2616194601502712e-09 9.698286143404308e-11 -1.3640150002151728e-08 -8.706789694356649e-08 -1.250228196989253e-07 -4.2182397318307955e-09 1.8680611173635572e-08 -8.640277741161957e-08 -1.1159430776382814e-07 5.5443216152804696e-08 -6.134303898622955e-08 -7.975519184100646e-09 -4.0035041760759623e-11 -8.55371794730366e-08 -3.040298438749245e-08 6.307762882601484e-07 1.358261112414934e-07 3.511656757291382e-07 -1.4192563055138005e-07 -1.450169173988921e-07 -7.591810171890606e-08 2.0138676405384796e-08
2.803124099891365e-09 -4.130258460186697e-09 5.387655490433783e-10 -2.0211848767894805e-08 -2.9150792413619923e-08 -1.875158683028243e-08 -2.8198667438830807e-09 1.0129214195872881e-10 -3.6178541283236315e-08 -4.3187657956617434e-08 3.124318710456917e-08 -8.330458095754204e-09 -5.529540909680014e-09 -1.055561569761269e-09 -4.5953884582586096e-08 -3.6745730067069045e-08 1.3582611124149446e-07 8.634884365533556e-08 1.6192240993652337e-07 -3.024798042614768e-08 -1.967364729076561e-08 -3.092082819960219e-08 -2.7593919279396838e-08
-1.8510137636602076e-09 -4.026811701143113e-09 2.878251022635845e-10 -3.3194176936990635e-08 -1.2056947026180866e-07 -6.279554448053095e-08 -2.2417546060202198e-10 1.2729344358335981e-08 -7.268110787016248e-08 -1.438922701623274e-07 6.01485368937769e-08 -1.0305013621747554e-07 -6.3532356094187645e-09 1.3937482139052086e-08 -1.5312869999983154e-07 -9.275777365598739e-08 3.5116567572914086e-07 1.6192240993652276e-07 5.916486114286403e-07 -2.350111090758907e-08 -5.101412616655141e-08 -8.419763463500126e-08 -8.663073816429183e-08
-2.0215542331033552e-08 5.867389141236412e-08 -7.520286829886175e-10 -2.3745686238037645e-09 -3.763195908530831e-09 9.422162750084045e-09 1.0161593411561771e-08 1.9017854702214278e-09 3.942058922942195e-08 8.931798465565865e-08 -6.975079482137831e-09 5.138242776356281e-08 5.913777087803037e-09 -7.622889817826637e-10 6.7815493770876e-09 -1.0316468501237873e-07 -1.419256305513806e-07 -3.0247980426149734e-08 -2.35011109075925e-08 2.3214137602660123e-07 -7.52593380172702e-08 -2.3621375212480786e-08 -1.025813706937038e-07
6.5081139546782815e-09 -4.469932437536419e-08 2.932499348647176e-10 2.910116804836171e-09 8.351216118444496e-09 4.5922029002469483e-08 -3.241506696656226e-09 -1.3403555301311617e-08 -1.5584779930158822e-09 -3.3847943730883566e-08 -9.608373763495582e-09 2.4771100040001056e-09 -1.380998710346507e-09 -4.409022336349962e-09 8.681966291150968e-09 4.511555729183268e-08 -1.450169173988917e-07 -1.9673647290764158e-08 -5.1014126166548194e-08 -7.525933801726947e-08 1.426532531803062e-07 4.82660518182583e-08 7.175776919123533e-08
1.808684311863318e-09 -1.2579032861322008e-08 -3.712213749393306e-11 4.37967315200575e-09 2.2460659430833864e-08 2.7982666085338555e-08 -4.883496594083926e-10 -1.0190379467505501e-08 -6.845832466821651e-09 1.636292971530416e-08 -2.417038340414479e-08 2.350519007621525e-08 1.1343440180684948e-09 -5.594165425589279e-09 1.1765581394055096e-08 2.3261362129027555e-08 -7.591810171890622e-08 -3.092082819960179e-08 -8.419763463500082e-08 -2.362137521248201e-08 4.826605181825909e-08 5.765876396914945e-08 5.4563446782130107e-08
9.398552606132545e-09 -2.7865597071211516e-08 1.8270774254828838e-10 1.1039206145814397e-08 -2.1498198550036573e-08 -1.493094959498447e-08 -3.8795059648670515e-09 5.704965898418104e-09 2.883679615835148e-10 -6.644434438345635e-08 -2.1290568404240346e-08 -8.957660250399209e-08 9.125359387985013e-10 1.3409499717498713e-08 2.8706194617102566e-08 6.565305122810925e-08 2.0138676405383558e-08 -2.7593919279395928e-08 -8.663073816429065e-08 -1.0258137069370506e-07 7.175776919123681e-08 5.4563446782129935e-08 2.0759899682832304e-07
