260.0 26.2216067844491 90.16488235073373 17.238454399061844 25.1216094947804 131.21953189378158 -96.84802083035427 -42.460061183510945 79.47072673603788 94.24600751168244 216.73305108668904 -49.98543981949809 -117.518571034355 41.56096529181395 95.99709706434051 115.4128673808147 -0.6301223021410461 3.538796740313614 1.5031210085982603 3.631013717322056 -1.6223016629715057 1.6731921785763022 0.7693305662095756 3.196788261149526 
280.0 11.088019967225632 40.03708817363473 5.5676089748705655 7.7181281918939035 56.40416058998342 -41.71404914689713 -15.6556289420962 29.80433376595391 35.22532724086561 94.91665102614085 -18.55227371818169 -49.36238442136904 13.12981746090486 35.24737669410594 41.728305285631315 -0.06424087158865154 -1.0388599355488368 0.03467885079982707 -0.5253059316435442 0.02453858657786863 0.747126425599263 0.8199182856907049 1.0471997603092078 
300.0 6.044960467606806 22.0195584344754 2.1974979790917213 2.8268629433923613 28.15394964920993 -22.87833726851276 -7.242458446698527 13.872544138473518 15.687958222559512 49.67828877170061 -8.032321728327636 -25.377858718986815 4.9502911573286354 15.58951682509258 17.752471899276344 -0.08364030921470905 -0.0728897697047229 0.03216200026472743 -0.028426445082860182 -0.07739474712505896 0.327477767374957 0.04237072275810525 0.1884378445101394 
320.0 4.154163790759564 15.157865662517576 1.1049141876066344 1.2561524668360964 17.270717735034214 -15.823263607060527 -4.259077978366198 8.185571419852558 8.719590710466269 32.16677041800037 -4.47763454718642 -16.744040685001547 2.3562953611011865 8.719546996899007 9.356574196128319 0.011011055070684127 0.1842793748989286 0.09346312361729668 0.0962384902728381 -0.1369647799444257 0.05996775032182361 -0.029881356214724035 0.116706748023108 
340.0 3.109604646171172 10.834074787383875 0.5948208630512124 0.5601697116514948 10.443192592740713 -11.539553747208673 -2.7044255092223843 5.054014381058258 4.88962048804732 21.212581600245958 -2.578173819445889 -11.15609698728258 1.154681894988163 4.952310028249314 4.872534494040727 -0.0629374968161976 0.16244937055232808 0.09820857796292523 0.11382735143296721 -0.08840540225537175 0.10766563442404481 0.030859348541775515 0.1496641819435008 
360.0 2.489230252100988 7.974280523790811 0.3414951165245332 0.26035163583885396 6.160924403815089 -8.808920437821905 -1.8307253686255212 3.288562360036049 2.8528662889691763 13.888275470459023 -1.5366774341562526 -7.531074906334738 0.5866273740499275 2.8550227029350204 2.538885109662893 -0.00267227848493433 -0.02577186897659443 0.019734089594314577 -0.03815241890254897 -0.08479937172925443 0.1309454873759164 0.021634022823215596 0.102255774218173 
380.0 2.21139775719424 7.5098771268845095 0.24769004233458297 0.17047951973753264 5.1259622983748105 -8.037016156226814 -1.459087799528823 2.7303224651664535 2.1921341437421686 12.083322256878219 -1.1213689274543905 -6.2218996300458755 0.4018862269312514 2.2059970648531912 1.8592186525786787 -0.0449660497989469 0.08010230202486436 0.031832440272924395 0.05840210970465442 -0.006030845921685017 0.01670449483778627 -0.020922061382765027 -0.0026521562438157477 
400.0 2.0514703850009095 7.6163915393926525 0.2006787095379566 0.13035548079914253 4.966218248926345 -7.713597676802755 -1.252149094538866 2.478104912844101 1.9087053117191008 11.668247720161652 -0.8784362446480193 -5.500521150409488 0.3087481873898473 1.906739596322143 1.60432992273081 -0.05119713777444364 0.034146636706990856 0.02754349112842205 0.1325846333300462 0.007494717475638413 0.05939914634101321 -0.006805785341876428 0.03031114430245261 
420.0 1.9314457879627502 7.916432583980775 0.16675878431063137 0.11590271042424641 5.135367057630448 -7.562752800680743 -1.0982045722733818 2.3022034837016463 1.7015641169459739 11.682971894425322 -0.7202458259888156 -4.932101819108219 0.24668694662552582 1.7000047852599545 1.5000870204514036 -0.003550995115441394 0.03266444512443917 0.004095339390038373 0.007236084288798106 -0.03293173354416127 0.05634895902348235 0.019158120194520557 0.07400577079420688 
440.0 1.8414106308895566 8.342101693566526 0.14406485044059944 0.09495496757027232 5.5560756043146835 -7.502606321573017 -0.9854754813301563 2.203040059959995 1.602189316110076 11.945675841981746 -0.5974880093405964 -4.530863906791433 0.20795134456254563 1.5782322144126215 1.4779445382367213 -0.013056475616719234 -0.1287981355094498 -0.007766271099976166 -0.04859664891057746 0.01566675741259615 0.09406549971312993 0.013075076737702656 0.039461048494351426 
460.0 1.773260039811972 8.798751776517157 0.1264516202287049 0.09277403797910372 6.087080771711633 -7.478197720791929 -0.8997116600406769 2.116268281997953 1.491629341083167 12.219353888227113 -0.5026086965157758 -4.097354096570373 0.17550418633020123 1.465813500191969 1.4847171979201872 0.060304287091478864 -0.01959398470249433 -0.0264316640745982 -0.1283962645806814 -0.04487414222156511 0.03790749883361148 0.01573327590639344 0.10949655459810881 
480.0 1.713912351599498 9.348162332666625 0.1125729780535832 0.08567287814180535 6.788273798696732 -7.520315418027599 -0.8264853296530813 2.047242767138239 1.4082525690683858 12.716853329250778 -0.4314919330749857 -3.7948749414647995 0.1585571971649335 1.402762175295893 1.5098367167603237 0.0006007959549308853 -0.06839772576092913 -0.011807626794518307 -0.07400590398517105 0.02634766424694967 0.0666885383655052 -0.014900847497157772 -0.003364618091477767 
500.0 1.6670528059780862 10.007340416940556 0.10259943217145354 0.07469131127445394 7.584741969163958 -7.613514059003125 -0.7696522381495398 2.0171295302762506 1.3198033778523677 13.19706700659396 -0.35639953882846725 -3.4926348159248746 0.1319559933828755 1.3336726008513304 1.5028725145223647 0.042634238936840575 -0.048791784404625366 -0.00408759446805586 0.02158763771852303 -0.07137709431539391 0.14097750257456163 0.041872446085140576 0.1568201265527308 
520.0 1.6131573539041253 10.75428277245729 0.08930874695669981 0.06909852384290088 8.521611258689147 -7.691169067909492 -0.702466100860825 1.9620984742668512 1.2629130886894597 13.777743654230724 -0.3192319176614805 -3.1135076298530526 0.12221156137654511 1.2494056434502931 1.5348140400833 -0.05084031297348827 -0.1309874710185928 0.008219177641096382 0.10956732766801863 0.055074989173576436 0.14950685791713633 0.04648990562979199 0.08114947315630812 
540.0 1.5802194364249422 11.314426441456344 0.08290970356090327 0.05989712499500619 9.61592733371195 -7.752812622461328 -0.6631291399858456 1.921578325250349 1.2291964759344196 14.235896617509793 -0.22564329967962685 -2.8930925097528473 0.10791233803379142 1.2329250249464938 1.602617853720196 -0.055100058928061996 0.227648778647627 0.11756284397638034 0.2975529247255254 -0.08489571603776974 0.029376718581747598 -0.07324004860738527 -0.05041382371265278 
560.0 1.5508693874882085 12.336814350053643 0.07641939581159 0.08893869254426717 10.877928712867872 -8.001121416072868 -0.6272887832997984 1.9333667637128447 1.254200720360542 15.058611496542634 -0.24979026693544878 -2.432358068364196 0.10697359529998562 1.1578634912956394 1.7189556585513588 -0.021817794730553192 0.04292013723983833 0.0022937440402698325 -0.01838818149012953 0.000739302271247847 0.014143755336910696 -0.012025531714532378 0.0004027034891510302 
580.0 1.5300159821534853 13.236158375670335 0.0733471727147067 0.06128838307190331 12.509975045480944 -8.13681101414047 -0.6033631548681921 1.9313540733031649 1.2064802704761157 15.934652885842459 -0.20338655425356333 -2.3272816553876736 0.09733702760475772 1.2139475022648556 1.9446373442825828 -0.0405895124316958 -0.2318830075171416 0.019764106572491714 -0.05302068232186341 0.21700815547334654 0.02755223947658673 -0.03584042961745068 0.05978992614075977 
600.0 1.4974816365159755 13.938877662768137 0.06487143452440373 0.058682702656715484 14.067721243263367 -8.337593197437949 -0.5623530710403795 1.9154505618222395 1.103647965627316 16.18389404713916 -0.09406646794015745 -1.7257489236122898 0.07017980137808381 1.066492540843374 1.9621070421579554 -0.029812025465990925 0.2141640186485438 0.049776675548873446 -0.06842855352274534 0.022834146480350037 -0.011452617700110083 -0.06524523680670671 0.09808193882259451 
620.0 1.4673243700491072 14.769982947104733 0.05868958773968278 0.06376256946642811 15.81147349284707 -8.206268251827204 -0.5260139577887899 1.8251585043846856 1.0427235303990408 16.643662238041955 -0.11708444788628229 -1.4329533340256302 0.06181459593264785 1.0470394710723665 2.0325963534380636 0.13243891906944347 -0.3817715817693473 -0.0131644301276799 0.07395377619348086 -0.1888012085480549 0.42190425309630397 0.12184755630817039 0.21487460504658215 
640.0 1.4504501341342428 15.541408197528158 0.05657017093479581 0.04972064341417424 17.81884960861771 -8.454894584791429 -0.5070203050690386 1.874408374417163 0.9938079218136036 17.208147087706124 -0.017391264639658826 -1.0187839660049731 0.05771282580448417 1.010136488466486 2.0289180492954957 -0.06915192650057064 0.5613820988903607 0.08416395828708541 0.2577822501315731 -0.02338912469008708 -0.137236840644475 -0.08453135424978324 -0.05874139889756985 
660.0 1.4137377487588723 16.493238917367922 0.047963208032646615 0.015179290265199754 19.99057569916103 -8.581789851079598 -0.46170095679151874 1.7966653385924227 0.7465239263397124 17.508928735486887 0.0657740912137447 -0.25416636301158124 0.021543078577435603 0.84835086141533 2.149043321807194 -0.09185582228324174 0.7350758067570132 0.13375691730382055 0.13466305446588903 -0.10536960355608689 -0.2536725618739876 0.060620847197152126 0.1469522503569488 
680.0 1.3967768744527056 17.22759505420851 0.045621013904309664 0.01974460834154089 22.06420730837869 -8.69372489125853 -0.44239788835701527 1.8510033242463493 0.813511846043685 17.296625399938005 0.1012722967265322 -0.21411361204967244 0.019827012252385763 0.8314623437134866 2.2058154466728035 0.08077715828840902 0.028875285696521737 -0.012334299765082704 -0.11783957348430522 -0.1407171277674612 0.09361235575961614 0.014620096066766192 0.4189545027100072 
700.0 1.3797475726974344 17.94829700671146 0.040125255312665906 0.0880988866137952 24.757939946117652 -8.761328240374732 -0.4198728280101004 1.7880298668468972 0.7615259138385594 17.747406117881066 -0.012359288118325724 0.29553466118076477 0.03759007087511352 0.8633679430192938 2.4455378073526326 0.09705940622450715 0.10512322803179286 -0.08030692094098436 -0.3514554072072046 -0.13764854994531836 0.31263724757285455 0.08365864446732958 0.5822725109017091 
720.0 1.3872336954435727 19.228556092176404 0.04388916919321413 0.10734111486458114 28.018439354015722 -8.75652846761437 -0.43112286463678673 1.7494931066615704 0.7461224768871955 17.888947759929927 -0.10915860692092626 0.13399904440732976 0.07168573130627029 0.9335818666754597 2.5587223148627363 0.11439511908356212 0.21882997080046845 -0.14742631711210027 0.48747459299794443 0.08992692064769835 0.06035138783555806 0.0653020468809031 0.4032462056784198 
740.0 1.3434142949650028 19.69919176705424 0.03562051362717989 0.12051423592435066 30.77832997555837 -8.880930049180833 -0.3790348085921825 1.7845249970891737 0.8029575425070153 18.20046207119573 -0.12151342183586576 0.5759516851791018 0.07170033466496746 0.9134574370674459 2.648091199163704 0.07818164907334835 0.06112107846242265 -0.12149101401130476 0.13773654704114696 -0.04526499565288089 0.14478072835881037 0.0816920691380994 0.5767036041208139 
760.0 1.3639592753586698 21.261160989380375 0.03971594341023011 0.14301196482626652 33.979806108380714 -9.474185134676723 -0.4036752187688999 1.9448962352114767 0.9690687804328865 19.24350056867735 0.03168600596802517 1.0808553981219502 0.05284694582145115 0.9209125813760557 3.1762850853176734 0.09466057448607858 0.6204109907614673 -0.14064300939716118 -0.12115813161565551 -0.063105285512723 -0.11914012014334913 -0.05268508083907428 0.14155085456238314 
780.0 1.3195310914429155 23.130315375759917 0.03297438492082888 0.05222122647162108 39.435793799665944 -9.485070056582881 -0.35250547636374424 1.8439930412560195 0.9874551427690731 20.069496834865323 0.27228599042437057 2.0883663400630206 0.014177159027849663 0.6713936550668389 3.384826612699183 -0.3786783524628402 -0.02309715472449351 0.01350128987319482 -0.31085743044266967 0.4237899802623176 -0.23475666686735297 -0.2109197726489465 0.18466337045995085 
800.0 1.3165155938221484 24.0805762354518 0.03518427394176333 0.1236181057614623 42.908576533230274 -9.902221794067277 -0.35169986776391166 2.0416479801847163 0.9728128919911319 20.075169927230423 0.08933342884630217 1.8393999143807493 0.04467231438516522 0.9522735285696404 3.7446254012242615 0.0865433308882431 0.30182465470323966 -0.27672012227860054 -0.561360131542264 0.032295424003442645 -0.4417351066250014 0.10991579474509947 0.5465188153550004 
820.0 1.308992021654523 24.04721535089889 0.03251785907387265 0.08803378640567039 47.4805128327928 -9.122757669061702 -0.3415098807283957 1.7289574398484473 0.586644193158164 18.816239072036694 0.10400182834921035 3.109754367033154 0.032785159762665037 0.616147003929737 3.4323013364047674 -0.08096338313668115 0.25662789213545617 -0.08845898938080564 -0.10721143516869923 -0.04592369339654306 -0.07957903604433819 0.11252048899468618 0.8765761448949307 
840.0 1.3048213561873578 25.582468169820334 0.029934584613826008 0.01986670926546007 50.8808288501908 -9.943127012733402 -0.3347559408011838 1.8665521000075813 0.9789280444615341 19.421295003275812 0.2346075154250483 2.7044420590161735 0.018635725901806996 0.7951234756502978 3.984976409348794 -0.3121182078625927 0.1358788446968705 0.3896613410375633 -0.0731304726333744 0.17692047292528915 0.12958680100831926 -0.23544199815353503 0.7554203247800181 
860.0 1.242804466031427 28.397313363342256 0.02125420061924585 0.035839511336131745 59.96834628776734 -10.261614066600737 -0.2640586666506729 2.017885830491397 1.0925216962863804 20.915161722823058 0.23908355639124626 3.8930588667438357 0.01689275183848653 0.8012867445442903 4.163002900175599 -0.0074570328270497175 -0.5021613310656806 0.000577549366142875 0.10302285307179894 0.8200572405629468 -0.7820548988048455 -0.500589133177406 -0.30783166599520084 
880.0 1.289738313556003 28.152761142708073 0.03097433997204494 0.11493969190530287 64.46009397309652 -9.766302094542313 -0.3207126535280478 1.595318426476813 0.40851174345178126 18.852058697264265 -0.08389152918497612 4.651296103717299 0.06406968165257781 0.7050187997726797 3.9190111452936693 0.12787865428761552 -0.5483308711446163 -0.07323406650108477 0.42578629646781985 0.12955298281309605 0.1815558350941172 -0.06725608786106686 -0.3109959757849199 
900.0 1.2630781187953997 27.89385723219487 0.024762636163818148 0.060028964706148 68.2525794446427 -9.033886246862801 -0.28784075495921774 1.4044006703272214 0.37577765762473964 17.061381182152612 0.36968670781707275 5.814249580600827 -0.024212945321431673 0.21737058689056593 3.3173831524540254 0.0760512629430311 1.073188352260651 0.25466980019021007 2.001470595044523 -0.30157665431281633 0.10582762131760813 -0.3721745239593452 -0.6034630332829412 
920.0 1.2312074830925652 32.601789121061465 0.025890918779306323 0.1989414460629649 80.74753970077465 -11.18085318587197 -0.25709840187187155 1.8937273447518714 0.8451209045915248 18.759723736967857 -0.3251772854545769 6.585817056348495 0.13351331090278154 0.3993084637824786 3.2545986018960766 -0.03980894767704318 1.4290976162483935 0.3072561342599572 4.198042779707972 0.15254331001374608 -0.639204718509622 -0.06750402020252458 -0.03217762149710466 
940.0 1.2192811303059157 33.726969841975176 0.015940582194505275 -0.08679554797161777 87.48947653198664 -10.774644772150415 -0.23522171250042112 1.8989864170582251 0.6545037796869578 18.96241879933547 0.5447075315767014 7.592336862662251 -0.06259179405422345 0.2936941857520482 4.676020178150166 -0.46830207383758604 0.027177644692618165 0.16409869567884738 -1.239835613335592 1.037920156779517 -0.28391035544711324 -0.43151768662664763 0.9011242700559834 
960.0 1.2632652223217014 36.81682776416698 0.02684113734893314 0.19341775791196933 97.14644081046394 -12.323508271157095 -0.2901063596706345 2.67458012370333 2.3467697388010236 18.563155658111416 0.2901556248138931 6.085977318857293 0.09968730814827485 0.7915327710784439 6.349276527080633 -0.10111430704208357 -2.4730298347841453 -0.14025949990285141 -1.3765856698096817 1.878147730350645 -1.0971170225355067 -1.4133958033370468 -0.19512720946141018 
980.0 1.1467245226640173 34.99265569985025 0.0051531601740361106 0.1270194049600262 102.1623064345567 -10.568617643361847 -0.15187768283805334 2.137355776394157 1.0262398341515142 16.375241736362742 0.27688432727439605 5.635778289526347 0.015023653001077457 0.8956743361761641 5.240848593940915 0.5215368237360786 -1.044081691308132 -0.32360209801884193 0.3399281356952768 0.27614727600582234 0.3791844774724778 -0.2782699017153217 2.1753377457843155 
1000.0 1.2457908890750775 36.539014349762425 0.02780007430618656 -0.16577582445978176 115.67219505107552 -10.418831328416932 -0.27359096338126415 1.5313315834864207 -0.7680610107984388 17.688731863013352 0.14949184045814684 10.0262985025872 -0.022424534276833132 0.21350539132670998 4.970049718739176 -0.49451965530634295 1.371985637908433 0.38563760667661573 1.2723177839724356 -0.8427149468446307 1.2970212924999514 1.0546162653699762 0.201788304818443 
1020.0 1.2959324235430736 34.12570290707484 0.03941021781097202 0.12194500678378331 118.27577931567453 -9.247563677163855 -0.3353426413540458 1.242177463705819 -0.92341301393459 14.430418209558994 0.5492020272362279 11.3327259847576 -0.04639161739164727 -0.4883657208856 5.111972880229864 0.6785431744902168 0.7877085045000304 -0.2839254390914816 -0.3102775775411422 -1.0823395982704112 1.2530277038240856 0.14993636294152538 0.8786608756799986 
1040.0 1.2538972491163023 34.23969414640243 0.029350103922802857 -0.06718701799864159 119.21510121848821 -8.35263375204781 -0.2832473530391053 1.2495905585442582 0.2851175080825493 14.059778212517951 0.6069655037400963 10.53824447109901 -0.1495815503635343 -0.16422937210608096 6.274001618527425 0.9826965793765629 -2.830098351746145 -0.05124063147569537 -3.228275393303293 -1.8108633824567417 1.8851689939101386 0.5483757274730209 1.393370990498073 
1125.0 1.2187932395899188 38.729598291637046 0.024261164417721023 0.13380511362173636 162.74029287129892 -9.102894153137962 -0.2430544040076398 1.5032885908578035 -0.24958725942760834 7.027518966058107 -0.01997258767192622 11.606735700764517 0.04275518301887402 0.22606692091847627 6.098327898819628 0.3612241289834322 0.6962878683782789 -0.29506976051048983 -0.5720069998444571 -0.35927280426549824 -0.34711935467202565 0.5652287749843938 2.4176509866518634 
1300.0 1.1736370958495863 48.45688871024172 0.018300972567786015 0.08757693774921677 280.07887235952745 -10.05518802360058 -0.1919380684173723 1.8020580513837778 0.010438567182496254 -8.850773550015637 -0.6575760392904632 15.959340690633413 0.1420199938896249 0.3287587678147244 6.715924606897034 0.5427169032809672 0.31385668772350694 0.2983483354964363 3.867046396893867 -1.0212914662844013 -0.9770554886032637 1.0369902278545875 1.721375729121772 
2.2094924315126603 11.27004543282802 0.3342134543116734 0.3519499327501594 12.627699293750837 -9.194954384185928 -1.5437058858243338 3.2643582248364877 2.8124458065761666 16.130267354673794 -1.264005110956851 -5.8215348315533575 0.6493185211796064 2.813489028660056 3.176228016011767 -0.009143092524801921 0.02337623472767128 0.020696085493575267 0.03417434298741243 -0.031131293322590674 0.0779555008605974 0.015194828048558593 0.12053052981898134 
